Вейбулла (0.5000) с масштабом 2.0000 со сдвигом 0.0000
0 100
1.8014221214946544e+00
4.7227579631891975e-02
3.0912780648921535e-02
1.7699622694930341e+01
8.2381495083531597e-01
3.0081733420856882e-01
1.8910576877159152e-01
4.4405791477579518e-02
7.4362585448914950e-03
3.1464435825666635e+00
3.0488896064768212e+00
1.3541665357326009e+01
8.6721746655469745e-01
6.8921294271392416e-02
2.5711763744414331e+01
2.1998084695767210e-03
1.0904394988012767e+00
2.1349158591945443e+01
1.7244063486651839e+00
3.2805202671397238e-01
1.5588088818989521e+01
3.4328445638850008e-01
4.9166977895997057e+00
1.9266952994607638e-04
1.4649413318026624e-01
6.6279779058999502e+00
1.0047955403383728e+01
9.1416027224062613e-01
2.5541538609267462e+00
3.7186068974531659e-02
2.7460011713990262e+00
5.2457150877062499e+00
9.8471879268601068e+00
3.0750158402006505e+01
3.9066276825274121e-01
6.9295969349045263e+00
9.6851596360791827e+00
1.2247734301851892e-01
5.8446059967077417e+00
3.7891184915216697e-01
4.8733853346968581e-01
5.9040167118216118e+00
1.4592842527930536e+00
1.4862445620759717e+01
1.5278145970657273e-01
1.5282266557032914e+01
1.3270934755906854e+01
1.9818458024602408e-02
6.8558893078375682e-01
3.6701128203895967e+00
1.0727144610200422e-01
1.0302213770040352e+00
3.4207281998003070e-01
2.0362048093779750e+00
2.3678846198867811e+00
8.2777220987992040e-01
7.6276813555208400e-01
1.0740821312769055e+00
2.4184883759054365e+00
8.2335750653376085e-03
6.6095536769851089e+00
8.8955712407279452e-01
6.6298001759982803e-04
1.2887041558921045e-01
1.1447614777883794e-02
6.7541740981872266e+01
6.7950743083818640e-02
3.0925515383055130e-01
9.1318035414158185e+00
1.0505826428129013e+00
2.3635371785971317e+00
2.7330226055989998e-01
1.5351112937865783e+00
3.2280720321703118e+00
5.0985741266065188e-01
1.2184933651671093e+01
9.3859122233842136e-03
3.0004010914874679e+00
5.4374784970379453e-01
8.3032034588207644e+00
3.3069261766338065e-01
1.3910137640200582e+00
5.7395125662836185e-03
1.3993054480685275e+01
3.7253489321371522e+00
2.0523654767703837e-02
2.9207289634561190e-01
8.1571788003082535e+00
2.9702118669393368e-01
1.5433312621790235e-01
7.9896721805740267e-01
1.7137748212637951e+00
1.3227838260724062e-01
5.7265559489119751e+00
2.3018870232929412e-02
1.4673387944309102e+00
5.0918755374880305e+01
1.7682896847917108e-02
1.0503151523623580e+00
5.1835117359569660e-01
