Вейбулла (0.5000) с масштабом 2.0000 со сдвигом 0.0000
0 500
1.8014221214946544e+00
4.7227579631891975e-02
3.0912780648921535e-02
1.7699622694930341e+01
8.2381495083531597e-01
3.0081733420856882e-01
1.8910576877159152e-01
4.4405791477579518e-02
7.4362585448914950e-03
3.1464435825666635e+00
3.0488896064768212e+00
1.3541665357326009e+01
8.6721746655469745e-01
6.8921294271392416e-02
2.5711763744414331e+01
2.1998084695767210e-03
1.0904394988012767e+00
2.1349158591945443e+01
1.7244063486651839e+00
3.2805202671397238e-01
1.5588088818989521e+01
3.4328445638850008e-01
4.9166977895997057e+00
1.9266952994607638e-04
1.4649413318026624e-01
6.6279779058999502e+00
1.0047955403383728e+01
9.1416027224062613e-01
2.5541538609267462e+00
3.7186068974531659e-02
2.7460011713990262e+00
5.2457150877062499e+00
9.8471879268601068e+00
3.0750158402006505e+01
3.9066276825274121e-01
6.9295969349045263e+00
9.6851596360791827e+00
1.2247734301851892e-01
5.8446059967077417e+00
3.7891184915216697e-01
4.8733853346968581e-01
5.9040167118216118e+00
1.4592842527930536e+00
1.4862445620759717e+01
1.5278145970657273e-01
1.5282266557032914e+01
1.3270934755906854e+01
1.9818458024602408e-02
6.8558893078375682e-01
3.6701128203895967e+00
1.0727144610200422e-01
1.0302213770040352e+00
3.4207281998003070e-01
2.0362048093779750e+00
2.3678846198867811e+00
8.2777220987992040e-01
7.6276813555208400e-01
1.0740821312769055e+00
2.4184883759054365e+00
8.2335750653376085e-03
6.6095536769851089e+00
8.8955712407279452e-01
6.6298001759982803e-04
1.2887041558921045e-01
1.1447614777883794e-02
6.7541740981872266e+01
6.7950743083818640e-02
3.0925515383055130e-01
9.1318035414158185e+00
1.0505826428129013e+00
2.3635371785971317e+00
2.7330226055989998e-01
1.5351112937865783e+00
3.2280720321703118e+00
5.0985741266065188e-01
1.2184933651671093e+01
9.3859122233842136e-03
3.0004010914874679e+00
5.4374784970379453e-01
8.3032034588207644e+00
3.3069261766338065e-01
1.3910137640200582e+00
5.7395125662836185e-03
1.3993054480685275e+01
3.7253489321371522e+00
2.0523654767703837e-02
2.9207289634561190e-01
8.1571788003082535e+00
2.9702118669393368e-01
1.5433312621790235e-01
7.9896721805740267e-01
1.7137748212637951e+00
1.3227838260724062e-01
5.7265559489119751e+00
2.3018870232929412e-02
1.4673387944309102e+00
5.0918755374880305e+01
1.7682896847917108e-02
1.0503151523623580e+00
5.1835117359569660e-01
5.9925329185168998e-02
2.1971017820090347e-01
2.0359419235911545e+01
3.3075396677191105e+00
8.4571927805010016e-01
1.8771366838153654e+00
2.5778870874622970e-02
7.2675642774987148e-01
4.0887633527600187e+00
3.5862578244319815e-01
4.2573935519692097e-01
7.7971882533405534e-01
5.1303737771493862e-03
2.4556958304262250e-01
6.2862700097214033e+00
3.3751846409912867e-01
1.7903903985852463e+00
7.3732243555483579e-01
1.8554608704589523e+01
3.0966582054453001e-01
7.3896040310011681e+00
1.1525671618966052e-02
1.1715447901839053e+00
6.7652308932086180e-02
1.8552476401754132e+00
1.4260216508930126e+01
3.0770603924722956e-01
8.1533173168199236e-01
1.5143484617353600e-01
2.1917137253349817e-02
1.3472857970759361e-01
1.0533793401267795e+00
1.1290460731693235e+01
1.7480758037039842e-01
1.1352213533178768e+00
1.4143612852029330e-01
3.1875425155400436e+00
1.6880684148986566e-01
4.4582924350618958e-01
1.5478724617803014e-01
4.3684176011379208e+00
1.5214626815119101e+00
1.2720923013297754e+00
6.2244480560457262e-02
1.2664264644762868e+00
2.0031121083451811e+00
4.1289252014567161e+01
1.2872210760553837e-02
6.7458937605591124e-03
3.7938259189932171e+00
5.3077158218679521e-01
9.9325584185273069e-02
1.3277911075014137e-01
4.6155659901300448e+00
3.2078814695438439e+01
3.6867041477433332e-01
9.8897557865265284e-01
8.9604418924623470e+00
5.2616358238026200e+00
4.2105272292580459e-01
4.5051465996365607e-03
1.1921475167578938e-01
3.0094071844205867e+00
4.1973181480030259e+00
4.3317882454753258e+00
7.1705655264381107e-01
4.8669602327963711e-02
2.1394777909871183e+00
2.6661566459623964e+00
1.4977795281822251e-01
3.0489863864146404e-03
9.2053996018215631e+00
3.5209347617709071e+01
2.4707480045660476e-02
1.2928662481932332e-01
1.0991804577444793e+01
1.0347238404676472e-01
1.9849229158303017e+00
3.7851282342771393e+00
5.0399476291558454e+00
5.7967302095579987e+00
2.1043905003788801e+00
1.9918145388082500e+00
4.2496020031927897e-03
1.0229583247353564e-01
2.4363110377866770e-03
5.1328218435169004e-01
1.5015607417847561e-02
4.1748851973583520e+01
1.6381237649859898e-01
4.9220722394185259e+01
5.6305082112066369e+00
2.2640266641347978e+01
6.3799481676383785e+00
5.2512423090644077e-05
1.3128630939497512e+00
4.2464770826214480e+00
3.1933110995936831e+00
1.0948312416851036e+00
4.0804469096308460e-01
8.8029697452145017e-01
3.7838045030040171e+00
2.0145965662249632e-03
2.2985780908082409e-02
1.3002702686371730e+00
7.6478490878194521e+00
6.3057439838709435e+00
9.6722936181330910e-01
1.4324412316390785e-02
5.1667432051615521e+00
1.4014974845088783e-04
4.8004371692919939e-01
2.4666870041024227e+00
2.1970640806963189e+01
8.3075054466269327e-01
3.9285749519724900e-01
1.0750887551702868e+00
8.1008439452142630e-02
3.7435797189003144e+00
2.4480728252701024e-04
3.7248892296289307e+00
6.6789223000154330e-01
4.1517043272408209e+01
1.1009824982520563e-05
6.3586951126270623e+00
8.4678017279068685e-01
9.0735239791184608e-01
1.5248003037016922e-02
2.6235384341925322e-02
6.2472706003945311e-01
5.5272460297151960e-01
6.2822434223972374e+00
1.6047108251535431e+00
2.0896256963877611e+00
1.0515509731385612e+02
7.2093852070298903e+00
5.8941771562566379e+00
1.4278825148048571e-01
4.7447721014419256e-03
4.1129360975989933e+01
3.9922298910836446e-04
4.0382440588964778e-02
3.7103682498633333e+01
2.9743163146625418e-01
3.4095346532444339e+00
5.5621849879743013e-01
5.8196175977286257e-01
2.3715797887739519e+01
3.0956807831055650e+00
5.8540933401933686e-03
8.5946274753018498e-02
5.0664222940906700e-01
2.3891444262754913e+00
4.9915796322203276e-01
8.1448608031018015e+00
3.6394406872000817e-01
2.4542306958914253e-01
6.7181084173412344e+00
5.8832375913053257e-02
1.5310441176601733e-03
1.4462100530383921e-03
2.1191380082668031e-05
1.6827524339979381e+00
4.2655052283528749e-01
4.8496039866528928e+00
2.6936797724969237e+00
2.8017423366007949e-01
1.6574315055936534e-01
3.0900455037070023e+00
4.2727254560478545e-01
5.6181141434682141e-02
1.8058512510391933e+00
6.2256573061466880e-01
1.9271385220067392e+00
1.8198377166501394e+00
9.4146321641963815e-01
1.6736276780213002e+00
6.8287821119746948e+00
3.8346872957552508e-03
7.4214119605262852e-01
1.5597163723557983e-01
3.2405505214560704e-01
5.4028136037347296e-01
1.3295754020104047e-03
1.2396736371538952e+00
2.0605933476445135e+00
2.8818995800382488e-05
3.2188666837583426e+00
4.6502837477128907e+00
1.1999410531108147e+01
4.1986916605438757e-01
4.5846984891838476e+00
1.7922601025509313e+00
2.9639950650982583e-01
4.7298015835868252e-03
1.5311628700271732e-01
3.8065374347127512e+00
4.0584127730732195e-01
1.6695197833933499e+00
3.1100682584153678e+00
9.8907977768852347e-03
4.0755705831940496e+01
5.0853547350424855e-01
2.7659364992945576e+00
6.3794950825926184e+00
5.2676197018434046e+00
7.3110133056177613e+00
1.4869723440537321e+00
1.7734385702495357e+00
4.3597804052409064e+00
7.5434392405635298e-01
1.1212634204925993e-01
2.6493580351287921e+01
2.3526737903965045e+02
3.3802506478957146e+00
3.7387227845635178e+00
1.3870666672780891e+00
1.6980281919364835e+00
1.8654970201316672e+00
2.4615986830590182e+00
1.2217619970413781e-03
1.1636361356060680e-01
5.7462054031788008e-02
8.9694332608666383e-02
2.4672112025069837e-01
1.6610600965319498e-02
5.0509355568184776e-02
4.0262839423463523e+00
1.2974838889310064e-02
1.5232565366941748e+00
3.8940755547361078e+01
1.8634678536051212e+00
1.1021703464068426e-01
1.3685150058249773e-01
4.8882554130867568e+00
6.5043793121790872e-02
1.3017442910760950e+00
8.8884474439674588e-01
4.7946494545217382e+00
9.5003110820381875e-02
3.9825036723177998e-01
1.2259664113094910e+00
3.1283390687199925e-01
2.9867178428399406e+00
5.2293550003179670e+00
1.8578073581856568e+01
6.0621259443318545e+00
8.5606843960913712e-02
1.4785789312106896e+00
9.9828891083733311e-03
6.5572830158279292e+00
4.3306707410970119e-01
3.7909268533774454e-01
1.1597654534786430e+00
6.8574295204489699e-01
5.0098106068383191e-02
8.0586420788137628e-04
1.8155019810119060e-02
2.6683516738030360e-02
1.0946706680675149e-01
1.3013996139695152e+01
1.1125657497182130e-01
1.8924358784812863e-02
4.4094639981502315e+00
1.7093041481311466e+00
2.1588683198186356e+00
1.5671610731379090e-01
1.3617116948537918e+01
2.8919067769580358e+00
9.8277410342373539e-01
2.3044865121481589e+01
3.7562401237830318e+00
1.6740322225344575e+00
6.6333877557678511e-01
2.5485549376054339e-01
2.8005582888976954e-01
2.5392490040128585e+01
2.8725322222940369e-01
2.7394591827898591e+01
3.6358899328480121e+01
4.0477768602333646e-02
1.0525418025409779e-01
4.7325599992342726e-01
5.4285499901728859e-02
3.7842116457509163e+00
1.2580555260786060e-02
4.1999985714172550e-01
8.1334600123018119e-01
1.7984870769024885e-01
3.8377177872712562e+00
4.4399927226914029e+00
1.3164495351253356e+01
7.0300328844614374e-02
8.8866655995486465e-01
4.5062233585631861e-01
5.5409317574599037e-01
6.9927965532487253e+00
5.2829626530553836e-03
2.4794310653246652e-03
7.5264805500350968e-03
1.1999902347670230e+00
1.5434493942358329e-01
2.3186278783448167e+00
7.5774143113488990e-01
2.4692244638821411e+01
3.0335364148960792e-01
1.1092541433513987e+00
6.9541477900554638e-01
8.3059776204730706e+00
4.8361646613707815e-02
7.6910228824367035e+00
1.0427916406383689e-01
1.1956950406203674e+01
1.0732459350620324e-03
2.0180875403215968e+00
7.1949998115995828e-01
7.9475866648634472e-02
1.1635343606375512e+01
1.9566310246234206e+00
1.0218701268264889e+00
3.0371899219412317e+01
3.9056523719021885e+00
1.0296369653987700e+00
6.0810466153581690e-02
9.2919962245308404e-03
1.0651281913780384e+00
9.2995504559264344e+00
7.5886342136874667e+00
1.4411933754489009e-01
3.9829041272473865e-02
2.3221408174142462e+00
1.2346420978284877e+01
4.8733117223604583e-01
1.3884366505098177e+01
5.5235281811578973e+00
1.1776128564311525e-01
5.3161160358471538e-01
2.4191861477062933e+00
8.9061343499840206e-01
6.3222255165500266e-03
1.7186663495015148e-01
1.0474419563264883e-02
1.3906941038451535e+00
9.2806506910327524e+00
2.2567845075615112e+00
9.7100942319949785e-02
1.6983726760268773e+01
2.5178950225656802e+00
2.4233251604831106e-02
8.1227266012655697e-01
3.9775693589177021e-02
4.7217615824818659e-01
1.3881212612345742e-01
1.5775505575686051e+00
6.1811580172092189e+00
1.8109733556338843e+00
9.3786453449656859e-01
4.2143275030630303e+00
4.8722798814001722e-01
5.7438596373280372e-03
6.7509618740542107e-03
4.0591588747952043e+00
3.5790385056482781e+00
9.5664117281041505e-01
4.6418310136512151e+00
1.0850221144257045e-01
1.0170830874201103e-01
7.4845209880851239e-03
3.4892321613124274e+01
2.6239299885337921e+00
8.5175541503313408e+00
7.9274479660478159e-01
3.4545355766638308e+00
3.4561641174499419e-02
2.4141481329770105e+01
1.7135132932321833e+00
9.3867939482542848e+00
1.5068839477904904e-02
6.1629296320751348e-01
6.1020373163779000e+00
1.9632506592371996e+01
8.9094217516754104e-01
5.0966673732251666e-01
2.6233250321229701e-01
8.9031453353223122e-01
1.5917830299417213e+00
1.1189971304488171e-02
8.5175189448607608e-02
9.3624705619813220e-01
3.9156491649303675e+01
1.3651889903364822e+01
8.6387875032682455e+00
1.9208674501620138e-01
1.9738930010979068e+00
1.7022906865433455e-02
1.0458972394097168e+01
2.2634157224974943e-02
1.6285274745675243e-02
1.0205044245833069e+01
2.3465556586199625e+00
