Вейбулла (1.0000) с масштабом 2.0000 со сдвигом 0.0000
0 100
1.9317289512628806e+00
4.4372793609014032e+00
2.7077752538122168e+00
1.0118041269856342e+00
5.6425724590958078e-02
1.8053304197923350e+00
1.4756613688206077e-01
7.5565190879137898e+00
3.5318090858802148e-01
1.4164061270305042e+00
1.4021482562278185e+00
3.9161221235297383e-01
2.3096608369212794e+00
7.2297774317181673e-01
1.1956633826629531e+01
9.7062816439711141e-01
7.6412170231300680e-01
4.2386627954612646e+00
5.6615303089137763e+00
3.9342278797505364e-01
7.0937191741270045e+00
2.7250561286971764e+00
1.3527726718731929e+00
3.0138417928568533e+00
3.6898861937532829e-01
3.3009045277912494e+00
7.3256121535988972e-01
1.6372680879306920e+00
3.1520109107538885e-01
1.4779971833909065e+00
5.3497186306518561e-03
5.7636992642319242e+00
6.1375536095502348e-01
7.0634829640604524e-01
6.7349165688057974e-02
4.7952130467396548e-01
2.9417943708187457e+00
1.6310737710914649e+00
1.6911690888255704e+00
4.0910876860517460e+00
3.6177173606258961e-01
1.3787502634471791e+00
5.2173868235444951e+00
1.6917304324786353e+00
2.0043868550545108e-01
8.5261317430785000e-01
2.3945968660955828e+00
1.8291661463952040e+00
4.1177517146739833e+00
1.4562781844974479e+00
1.9850538280097127e-01
3.5389973994833629e-01
7.3173375245223082e-01
1.2206744618994650e-01
4.9590266046581466e-01
3.9928833509189882e-01
2.8515157999903402e+00
4.2241494280300431e+00
2.6951663130583592e+00
2.7660473645973549e+00
1.9369381186759176e+00
5.1211217829960876e-01
1.6972165167746245e-01
1.7529038617317094e+00
1.7085743274459833e+00
2.7338366396880187e+00
1.3856485652490180e+00
7.9378214910440494e+00
1.4077152593604390e+00
7.9649541013576119e-01
6.8438899168210521e-01
3.4344021052253662e+00
1.8214436462988621e+00
2.9076138698079501e+00
2.7316787715873572e+00
3.0396591581853625e+00
7.5415934118184980e-01
1.8343359978102838e+00
2.6187863631788377e+00
2.4084853344742103e+00
2.0523250375033011e-01
2.3975873303827613e-01
3.0080099152754802e+00
9.6418591814068699e-01
2.7666481309203137e+00
7.8825926603101537e-01
1.0201385894044634e+00
3.3482480285077260e-01
8.1619943677835677e-02
1.0098233971893356e+00
4.7581631231931940e+00
9.7805761402779434e-01
1.1965022870860180e+00
3.2138006160039367e-01
1.6425252201853526e+00
1.2138762568537220e+00
3.9008924107165064e+00
1.3026927595411143e+01
1.2591073677501702e+01
4.3398653382803261e+00
