Вейбулла (1.0000) с масштабом 2.0000 со сдвигом 0.0000
0 500
1.9317289512628806e+00
4.4372793609014032e+00
2.7077752538122168e+00
1.0118041269856342e+00
5.6425724590958078e-02
1.8053304197923350e+00
1.4756613688206077e-01
7.5565190879137898e+00
3.5318090858802148e-01
1.4164061270305042e+00
1.4021482562278185e+00
3.9161221235297383e-01
2.3096608369212794e+00
7.2297774317181673e-01
1.1956633826629531e+01
9.7062816439711141e-01
7.6412170231300680e-01
4.2386627954612646e+00
5.6615303089137763e+00
3.9342278797505364e-01
7.0937191741270045e+00
2.7250561286971764e+00
1.3527726718731929e+00
3.0138417928568533e+00
3.6898861937532829e-01
3.3009045277912494e+00
7.3256121535988972e-01
1.6372680879306920e+00
3.1520109107538885e-01
1.4779971833909065e+00
5.3497186306518561e-03
5.7636992642319242e+00
6.1375536095502348e-01
7.0634829640604524e-01
6.7349165688057974e-02
4.7952130467396548e-01
2.9417943708187457e+00
1.6310737710914649e+00
1.6911690888255704e+00
4.0910876860517460e+00
3.6177173606258961e-01
1.3787502634471791e+00
5.2173868235444951e+00
1.6917304324786353e+00
2.0043868550545108e-01
8.5261317430785000e-01
2.3945968660955828e+00
1.8291661463952040e+00
4.1177517146739833e+00
1.4562781844974479e+00
1.9850538280097127e-01
3.5389973994833629e-01
7.3173375245223082e-01
1.2206744618994650e-01
4.9590266046581466e-01
3.9928833509189882e-01
2.8515157999903402e+00
4.2241494280300431e+00
2.6951663130583592e+00
2.7660473645973549e+00
1.9369381186759176e+00
5.1211217829960876e-01
1.6972165167746245e-01
1.7529038617317094e+00
1.7085743274459833e+00
2.7338366396880187e+00
1.3856485652490180e+00
7.9378214910440494e+00
1.4077152593604390e+00
7.9649541013576119e-01
6.8438899168210521e-01
3.4344021052253662e+00
1.8214436462988621e+00
2.9076138698079501e+00
2.7316787715873572e+00
3.0396591581853625e+00
7.5415934118184980e-01
1.8343359978102838e+00
2.6187863631788377e+00
2.4084853344742103e+00
2.0523250375033011e-01
2.3975873303827613e-01
3.0080099152754802e+00
9.6418591814068699e-01
2.7666481309203137e+00
7.8825926603101537e-01
1.0201385894044634e+00
3.3482480285077260e-01
8.1619943677835677e-02
1.0098233971893356e+00
4.7581631231931940e+00
9.7805761402779434e-01
1.1965022870860180e+00
3.2138006160039367e-01
1.6425252201853526e+00
1.2138762568537220e+00
3.9008924107165064e+00
1.3026927595411143e+01
1.2591073677501702e+01
4.3398653382803261e+00
1.1159107760727152e+00
2.6844268448744439e+00
1.0125451927208816e-01
2.2409047327455989e+00
7.7432533241188006e-01
4.9463260987644628e-02
2.8946019147805342e+00
1.2899921787825972e+00
6.7166301720065400e+00
5.3979141081100641e+00
3.8818236282041996e+00
1.3643897713268929e+00
7.9325646989151999e-01
1.8045074698375108e+00
4.8233541555019714e+00
1.7830518880399939e+00
4.0061983007042032e+00
1.4457287434801158e+00
2.4132328313065696e+00
1.9026572153005325e-01
4.2375839139502931e+00
1.6620888412505372e+00
1.1823194402623015e-01
2.2864115677043899e+00
7.4154117319737078e-01
1.7671041892202024e+00
9.4841788117713621e-01
1.5254054650460269e-01
7.0329293535741599e-01
3.2783820597542834e+00
1.5887282600988484e-01
8.8601382463626854e-01
2.8107337748074128e+00
1.3381444776431666e+00
6.7895869591243052e-01
6.4366336748174948e+00
7.8657056234713263e-01
4.4339576787601542e+00
2.6648643142303978e+00
7.2123754851053778e-01
1.1857086612708192e+00
2.8413751201744175e-01
9.4995882100360907e-01
6.1129078326069716e-02
2.4959536187516496e-01
5.1611627531967652e-01
2.3241617241816157e+00
6.4277615931123466e-02
7.6100791054934525e-01
5.8724611143078254e-01
2.8291954188985646e-01
2.6966424266309557e+00
1.2605793413983442e+00
1.1430824761693505e+00
2.4536649151599271e-01
9.3060541180889800e+00
1.5133156927005569e+00
8.9769543549993602e-01
8.0486715756907490e-01
5.6031652464877215e+00
5.8046015651584613e+00
4.8984221460999294e-03
3.1756549352945238e-02
2.8926699522855520e-01
3.8205764713932155e+00
1.2106461167261517e+00
8.4552472492497921e-01
1.4314390816366211e+00
2.0883585162272986e+00
5.7788507729764871e-01
2.0859223700178422e+00
2.9258126734566248e+00
5.2422350050897537e-01
4.7820289148943290e-01
4.6155971544165659e+00
3.3396817738443723e+00
7.8823794673921110e-01
1.8242398634177388e+00
6.3695236900248000e+00
3.1654242244822530e+00
8.0941821247028023e-01
3.9896100003915641e-01
1.1547575352004276e+00
2.0892269119373235e+00
4.3265152561814277e+00
1.7429701731909477e+00
4.0911989201054089e-01
2.2140702791243192e+00
1.2460245918456783e+00
1.4707089720973752e+00
4.1045271532929384e-01
5.2668932552832910e+00
4.4379794164245450e+00
2.4414677448433162e+00
5.7349472692412229e-01
4.0168313809732501e+00
7.0672285460611528e-01
2.0535119165708324e+00
5.0446976932275573e+00
1.9786833037564411e+00
3.2266581508388334e+00
4.7009191337652574e+00
1.5414928684896714e-01
5.7967511289344733e+00
1.6466358951261644e+00
4.0902427272660441e-01
9.7201821127886057e-01
3.7857140092097508e-01
1.1687436571884717e-01
9.3194971496973089e-01
2.1901919941598766e-01
7.8682452906629985e+00
3.1922425746679099e+00
2.3558868245072504e+00
6.6724207738948799e-02
3.4796416192024804e+00
1.5109094553052911e+00
5.5375239081239847e-01
1.0208080084191078e+00
1.7289779522833750e-02
3.7239543548146186e+00
1.2757038665674283e+00
2.1528502793796038e+00
1.7902125693571500e+00
2.7568858860894763e-01
5.2140309025973606e+00
2.2839942985487940e+00
7.4279571702690533e-02
1.7236445466692396e+00
3.0299655352603163e+00
1.2019251872207251e+00
2.3943512783842658e+00
1.4747301109703341e+00
5.8921185566939652e-03
1.6997739216147387e+00
1.4726451075115159e+00
8.2046624613689556e-01
2.7510619856973068e-01
1.3878111567735160e-01
4.4542315343644354e+00
3.1393366919616525e+00
4.9045761085661503e+00
5.0042936607892352e-01
7.5368078101344578e+00
6.5163821953643852e-01
1.1013527561387437e+00
1.3197388712825413e+00
4.9247730244519344e-01
6.2787981276000364e+00
1.5106359690675406e+00
2.0435012343777013e+00
3.7378588263173875e+00
8.0451888741238431e-02
1.4635891495179185e+00
4.2522065427120701e+00
4.9288214468481073e-01
4.1786014096378721e-01
2.7711131406915401e-01
1.2634036657679302e+00
3.3542593128192788e-01
7.4269461342828780e-01
4.1295926923140591e+00
3.7914622053763131e-01
2.3527446158056367e+00
2.3765717571820694e-01
2.0242423221463128e+00
1.8102896822378498e+00
9.3339833525886901e-02
1.4909609421104383e-01
8.7595155053980622e-01
6.3928974611830969e-01
3.9685647700661977e+00
1.0520307615277484e+00
1.0519134377592718e+00
9.5475517027786527e-01
2.0514841958442327e+00
1.0813363255030168e+00
1.0637751772890498e+00
1.3183537488061179e+00
1.2480346291468944e+00
1.4556010886939988e-02
1.6015091358132363e+00
7.9617878667607016e+00
3.7347697635931537e-01
1.2838672704620646e-01
2.5296807645619729e-01
4.9851706106297933e-01
1.8003071861189595e+00
3.3958309924564336e+00
3.9896405269632851e-01
1.9680547423780519e+00
1.4903305934269800e-01
4.0402824878029424e+00
6.5715116752484773e-02
8.6124702174862955e-01
5.4293317939440067e-01
3.1387598375726040e+00
1.7378939523096351e+00
1.9755725931438572e+00
8.0592503855230435e-01
2.9252064625017034e+00
4.1298333343920079e-01
9.0570151046104985e-01
1.0796895062385055e-01
4.7482617214766352e+00
1.2141634695548886e+00
8.0043543398552564e-01
1.4293668607491248e+00
5.4181058211602560e+00
8.1694185733381308e-01
3.7290676205798623e+00
2.2819975352762433e-02
3.8196835291719827e-01
6.0606518979049318e-01
3.7476305324939156e+00
1.4942186996315789e+00
8.4529706584035094e-02
6.1064809854787949e-01
1.3238240199095503e+00
4.7324237899094890e-01
8.2661636455091898e+00
3.7940425279562113e+00
8.3760674686242431e-01
8.5424357807185398e+00
6.9034984184735579e+00
2.4610212844610415e+00
2.6997587512309948e+00
8.2166493365905193e+00
1.1623966259512308e+00
1.6791722349137750e+00
4.9776002796917324e-01
3.8726371485630398e+00
3.3651959710933049e-01
8.4628443724994717e-01
7.2435908133467706e+00
5.3297795935208303e-01
1.4709706339700797e+00
2.9572769627800161e-01
1.4196660599445921e+00
4.4037419830043179e-01
1.4242587371790699e-01
8.6598552948233143e-01
1.2368491222545097e+00
2.9521237455231314e-01
5.1690836626181742e+00
2.2533702239346187e+00
2.3194007351400088e+00
5.8585743729773976e-01
8.0515110760133857e-01
5.7980470824926067e-01
6.2442199582868640e-01
6.8241773684349472e-01
5.7432579237904979e-01
1.1710289355282013e+00
4.3495228867815855e-01
1.8332815215339693e-01
6.7566328822980815e-01
6.7719143278297445e+00
1.5694782561566267e+00
2.5744099578329105e+00
2.9946515052051446e+00
1.8090880924883563e+00
8.1812592404947493e-01
1.7808757450989015e+00
3.6505172691229176e-01
3.2890433633463501e-01
1.1042763348664510e+00
4.2446155228676945e+00
1.5344023703459728e+00
1.1399003367345071e+00
7.5115711503537697e-01
5.6047693458283199e+00
2.2380317307881055e+00
8.0636926600438641e-03
6.8665800616333750e-01
1.3555401253872423e+00
6.9522970099232873e-01
1.4321475293422383e+00
1.9256196240803474e+00
1.8381045292142004e+00
2.7161794296212873e+00
2.4368918734857137e+00
3.9335976070084775e+00
6.0613271977507555e-01
1.8756117590421239e-02
8.6007733067364434e-01
1.4032951815757413e+00
1.1788088045599173e+01
7.8440482629929620e-01
2.7398218427883991e+00
3.0043710102257098e-01
7.0262336854461782e-01
1.1884556881561605e+00
2.0304759198454940e+00
4.3120127712806751e+00
1.4179584604035494e-01
2.2892646498403439e+00
2.6326703371581255e+00
2.0176884906583075e+00
8.9090584131098516e-01
1.2793766713947381e+00
8.6930972219333180e-01
1.6508465592496835e+00
3.2525035942227283e+00
3.9402612982473184e-01
6.5718460091721187e-01
8.2449092152265180e-01
2.4892586257910385e+00
8.2443880619198162e-01
1.9384620876785525e+00
3.2345666631620822e+00
1.2564246356892714e+00
9.9128207593209794e-01
2.4860617068120171e-02
9.4686958238256569e-01
1.3465059593359536e+00
9.7154152483735168e-01
4.8332171231769583e-01
3.4403484948401437e+00
1.1995545606526870e-01
2.9261790184900160e+00
1.1775662357039580e-01
2.2408674438925140e+00
1.4100659663667949e+00
2.4924722827238734e+00
3.0604256509767196e+00
1.6967719827163670e+00
1.8895543039817069e+00
1.1150815104866247e+00
2.5670514748879192e-01
6.7174894304689967e-02
1.0280496570169889e+01
1.1584840144091024e+00
1.4259343817645889e+00
2.4091752063112293e+00
9.0348806876171772e-01
1.6988034721353187e+00
8.3959761097133490e-01
4.6207504915377562e-01
6.5067174712940057e-01
2.5336023104495953e-01
1.6683744319369098e+00
1.1615796379279819e+00
5.4186965527540112e-02
1.1427206822790856e+00
1.4827499154142245e+00
5.0040698179997944e+00
3.1358268146876744e+00
1.4654441963564284e+00
3.2290854845325001e-01
2.9116513717413639e-01
5.0463883783370989e-01
6.0037862153796318e-01
4.1175674400511459e+00
9.7954915231356923e-02
9.1244226028514086e-01
6.6035608429803649e-01
3.6504966901511926e-01
3.2698520165816819e-01
1.2511330218368510e+00
2.0071062625862663e+00
2.0598962262787786e+00
5.5585140051825297e+00
2.9276665306029801e+00
7.5598433911336582e-01
5.9876215327909845e+00
2.7460785560212839e+00
2.4222832715081091e+00
1.2802903114244987e-01
1.8724379509787767e+00
4.5076900505311596e-01
4.4317748403264046e-01
2.2728039733396264e+00
1.1363978969610258e+00
3.2053532404758422e-01
2.6556233857720670e+00
1.4388449848267955e+00
1.8371163870745235e+00
7.7386236008881493e-01
5.5092168933259744e+00
3.0569065540294829e+00
3.3838536099262231e+00
2.0245676285245691e+00
2.3976984616329751e+00
6.6189217873397137e+00
9.0584240875020008e+00
2.9027014716676264e-01
2.4257735880027309e+00
1.9354104322436017e+00
4.7442109341657135e-01
4.4921431588651668e+00
6.1097011176708038e-01
9.9429698128707111e-01
3.6781259464748861e-01
1.7515762605714367e+00
1.0829620376425029e+00
7.8182141973475852e-02
3.0474625856455848e+00
2.7711306842676731e-01
1.0072834486076998e+00
