Вейбулла (1.0000) с масштабом 2.0000 со сдвигом 0.0000
0 50
1.9317289512628806e+00
4.4372793609014032e+00
2.7077752538122168e+00
1.0118041269856342e+00
5.6425724590958078e-02
1.8053304197923350e+00
1.4756613688206077e-01
7.5565190879137898e+00
3.5318090858802148e-01
1.4164061270305042e+00
1.4021482562278185e+00
3.9161221235297383e-01
2.3096608369212794e+00
7.2297774317181673e-01
1.1956633826629531e+01
9.7062816439711141e-01
7.6412170231300680e-01
4.2386627954612646e+00
5.6615303089137763e+00
3.9342278797505364e-01
7.0937191741270045e+00
2.7250561286971764e+00
1.3527726718731929e+00
3.0138417928568533e+00
3.6898861937532829e-01
3.3009045277912494e+00
7.3256121535988972e-01
1.6372680879306920e+00
3.1520109107538885e-01
1.4779971833909065e+00
5.3497186306518561e-03
5.7636992642319242e+00
6.1375536095502348e-01
7.0634829640604524e-01
6.7349165688057974e-02
4.7952130467396548e-01
2.9417943708187457e+00
1.6310737710914649e+00
1.6911690888255704e+00
4.0910876860517460e+00
3.6177173606258961e-01
1.3787502634471791e+00
5.2173868235444951e+00
1.6917304324786353e+00
2.0043868550545108e-01
8.5261317430785000e-01
2.3945968660955828e+00
1.8291661463952040e+00
4.1177517146739833e+00
1.4562781844974479e+00
