Вейбулла (2.0000) с масштабом 2.0000 со сдвигом 0.0000
0 100
1.9828850293378923e+00
2.0216533649587687e+00
1.3515810384784730e+00
2.7314314088727230e+00
1.8678640029803566e+00
2.8436546307773956e+00
2.8982582856275361e+00
2.6014945574585000e+00
1.1087650230739494e+00
1.1949809029617853e+00
1.1916272593558344e+00
1.4989672116201784e+00
2.9556775321308524e+00
1.5165849646968323e+00
3.0276692075820572e-01
2.3092977897533391e+00
6.9248205360284709e-01
2.5289836527974940e+00
1.1394920838891480e+00
3.1251436624579249e-01
1.2146936845158886e-01
8.0270415838074471e-01
9.2232517836018757e-01
1.7798591906243184e+00
6.4863868978865968e-01
2.4537384586451187e+00
2.2555367255205190e+00
1.9848899554159178e+00
1.9529887862907021e+00
3.1579197146327149e+00
1.2305763714577314e+00
5.9949677270361845e-01
2.0139803480045311e+00
1.9537418031509235e+00
2.2221035141084005e+00
1.8674586884739375e+00
2.0528441549018130e+00
3.0087331833645830e+00
1.2475923741901274e+00
1.4025641846603945e+00
3.3681466415354673e+00
8.7891729818695841e-01
1.1423436591474572e+00
9.6346719650244883e-01
3.4529107109547623e+00
2.3794771529954368e+00
1.5984751285621375e+00
6.6236840330570745e-01
1.1983670237001618e+00
1.1762881809022259e+00
4.0153876431465081e+00
2.5865060271546172e+00
1.1319721170981154e+00
1.6244452721345057e+00
2.4465410233728240e+00
2.9561552679145970e+00
4.9149539734564390e-01
1.0441482480121362e+00
2.5907422589980245e+00
1.5140436544390607e+00
1.4365260115609773e+00
3.6633439318988770e+00
7.9063729417947215e-01
3.3882121141034123e+00
5.6214738944021669e-01
1.6488308615471052e+00
2.6682502350086450e+00
2.0135474733762950e+00
7.4230016360358575e-01
7.8103570305873615e-01
3.1535469017105360e+00
1.2699821550704071e+00
1.9458496565133567e+00
2.5911463232554115e+00
6.2567337229480213e-01
2.0415113214897698e+00
1.8173459607151974e+00
1.6519409594242953e+00
4.6992916926145989e-01
1.7390893279535948e+00
2.8091911457286844e+00
2.0780700348935124e+00
1.6731952616413091e+00
2.6892426617993141e+00
2.3682900971609087e+00
1.7999651847226072e+00
1.6208511120820261e+00
1.5252934011223973e+00
2.3898512197930910e+00
1.7880286072439715e+00
1.3038432147942043e+00
8.6280928353206410e-01
2.1165078760387859e+00
1.6197319653927529e+00
2.7345288544978191e-01
1.2764882403271585e+00
2.2629097657502544e+00
3.0843319624767971e+00
1.6191975351993491e+00
1.3656975316439750e+00
