Вейбулла (2.0000) с масштабом 2.0000 со сдвигом 0.0000
0 50
1.9828850293378923e+00
2.0216533649587687e+00
1.3515810384784730e+00
2.7314314088727230e+00
1.8678640029803566e+00
2.8436546307773956e+00
2.8982582856275361e+00
2.6014945574585000e+00
1.1087650230739494e+00
1.1949809029617853e+00
1.1916272593558344e+00
1.4989672116201784e+00
2.9556775321308524e+00
1.5165849646968323e+00
3.0276692075820572e-01
2.3092977897533391e+00
6.9248205360284709e-01
2.5289836527974940e+00
1.1394920838891480e+00
3.1251436624579249e-01
1.2146936845158886e-01
8.0270415838074471e-01
9.2232517836018757e-01
1.7798591906243184e+00
6.4863868978865968e-01
2.4537384586451187e+00
2.2555367255205190e+00
1.9848899554159178e+00
1.9529887862907021e+00
3.1579197146327149e+00
1.2305763714577314e+00
5.9949677270361845e-01
2.0139803480045311e+00
1.9537418031509235e+00
2.2221035141084005e+00
1.8674586884739375e+00
2.0528441549018130e+00
3.0087331833645830e+00
1.2475923741901274e+00
1.4025641846603945e+00
3.3681466415354673e+00
8.7891729818695841e-01
1.1423436591474572e+00
9.6346719650244883e-01
3.4529107109547623e+00
2.3794771529954368e+00
1.5984751285621375e+00
6.6236840330570745e-01
1.1983670237001618e+00
1.1762881809022259e+00
