Вейбулла (2.0000) с масштабом 2.0000 со сдвигом 0.0000
0 500
1.9828850293378923e+00
2.0216533649587687e+00
1.3515810384784730e+00
2.7314314088727230e+00
1.8678640029803566e+00
2.8436546307773956e+00
2.8982582856275361e+00
2.6014945574585000e+00
1.1087650230739494e+00
1.1949809029617853e+00
1.1916272593558344e+00
1.4989672116201784e+00
2.9556775321308524e+00
1.5165849646968323e+00
3.0276692075820572e-01
2.3092977897533391e+00
6.9248205360284709e-01
2.5289836527974940e+00
1.1394920838891480e+00
3.1251436624579249e-01
1.2146936845158886e-01
8.0270415838074471e-01
9.2232517836018757e-01
1.7798591906243184e+00
6.4863868978865968e-01
2.4537384586451187e+00
2.2555367255205190e+00
1.9848899554159178e+00
1.9529887862907021e+00
3.1579197146327149e+00
1.2305763714577314e+00
5.9949677270361845e-01
2.0139803480045311e+00
1.9537418031509235e+00
2.2221035141084005e+00
1.8674586884739375e+00
2.0528441549018130e+00
3.0087331833645830e+00
1.2475923741901274e+00
1.4025641846603945e+00
3.3681466415354673e+00
8.7891729818695841e-01
1.1423436591474572e+00
9.6346719650244883e-01
3.4529107109547623e+00
2.3794771529954368e+00
1.5984751285621375e+00
6.6236840330570745e-01
1.1983670237001618e+00
1.1762881809022259e+00
4.0153876431465081e+00
2.5865060271546172e+00
1.1319721170981154e+00
1.6244452721345057e+00
2.4465410233728240e+00
2.9561552679145970e+00
4.9149539734564390e-01
1.0441482480121362e+00
2.5907422589980245e+00
1.5140436544390607e+00
1.4365260115609773e+00
3.6633439318988770e+00
7.9063729417947215e-01
3.3882121141034123e+00
5.6214738944021669e-01
1.6488308615471052e+00
2.6682502350086450e+00
2.0135474733762950e+00
7.4230016360358575e-01
7.8103570305873615e-01
3.1535469017105360e+00
1.2699821550704071e+00
1.9458496565133567e+00
2.5911463232554115e+00
6.2567337229480213e-01
2.0415113214897698e+00
1.8173459607151974e+00
1.6519409594242953e+00
4.6992916926145989e-01
1.7390893279535948e+00
2.8091911457286844e+00
2.0780700348935124e+00
1.6731952616413091e+00
2.6892426617993141e+00
2.3682900971609087e+00
1.7999651847226072e+00
1.6208511120820261e+00
1.5252934011223973e+00
2.3898512197930910e+00
1.7880286072439715e+00
1.3038432147942043e+00
8.6280928353206410e-01
2.1165078760387859e+00
1.6197319653927529e+00
2.7345288544978191e-01
1.2764882403271585e+00
2.2629097657502544e+00
3.0843319624767971e+00
1.6191975351993491e+00
1.3656975316439750e+00
2.1833123517739637e+00
9.3241946938780507e-01
7.7636718524618309e-01
1.9783479752124786e+00
8.4629794214789245e-01
1.4957386608116301e+00
1.4814103990238274e+00
1.6601711348280073e+00
8.6266109507239241e-01
1.7140001482731135e+00
1.2968883014268024e+00
1.7245873813234303e+00
1.9287280561140709e+00
2.9905146201346313e+00
4.3163556628786717e+00
2.7216764319413640e+00
7.0997950329679305e-01
1.8479292319525904e+00
1.5443743551749836e+00
2.7851733285451972e+00
3.0748989718423001e+00
4.7883262411975958e-01
1.8627242184858570e+00
9.2991066989427917e-01
7.1881353489009925e-02
1.0542862547662055e+00
1.5013332156752750e+00
2.1201930888002560e+00
1.3182744548218310e+00
1.6948488016769654e+00
3.2116707884956766e+00
9.4413611320264357e-01
1.9206603307006815e+00
2.2555257175819814e+00
4.3633223249799546e-01
2.1538741256959684e+00
3.2908223469559252e+00
1.7378336480098069e+00
6.3536857124367940e-01
1.3423099191558914e+00
7.2336749426753755e-01
2.1434209912854612e+00
9.6226115977892257e-01
3.0248597939644259e+00
2.1522285621025619e+00
2.6296343193046088e+00
1.3943845548362008e+00
4.1378663793150521e+00
1.8539735435667228e+00
2.3932486410802700e+00
2.8106346843959207e+00
1.1484421130764964e+00
2.2189531584854154e+00
6.1273700578860069e-01
1.0705765210223923e+00
1.9993227508030555e+00
1.8034828297628434e+00
2.7247205143744044e+00
2.8050040588511376e+00
1.6906362205509027e+00
2.7254085187543899e+00
2.4919247170521692e+00
1.2533308605476459e+00
1.6752167568912146e+00
3.2923868325364154e+00
1.5645024838088692e+00
1.7750088525461021e+00
1.3776726136735757e+00
1.9439710617522843e+00
1.1035647807588962e+00
1.0897874448987763e+00
2.0601175020803368e+00
1.6083059694750148e+00
1.2423586439349641e+00
1.8539582832855210e+00
2.2544816793017062e+00
1.5417199823322731e+00
1.8270678304545889e+00
8.6299778473784827e-01
2.5123725479041554e+00
2.7445746647008611e+00
2.2571787816341868e+00
1.0625019556481268e+00
1.0759375270948601e+00
1.8315184942204570e+00
7.4339646929522962e-01
3.7919265432098967e+00
1.0874073723513538e+00
3.3323063963999999e+00
2.5078821639749433e+00
1.3783253688041126e+00
4.1984253168900526e-01
2.6069407971367551e+00
1.8566506603230077e+00
1.6494895170327790e+00
8.8097119871131380e-01
2.6546200466314107e+00
1.8280169650452875e+00
1.2340523468800315e+00
2.9893699855781737e+00
7.0430903845055259e-01
5.0628681037714984e-01
7.0587464861617655e-01
2.4913590158939578e+00
1.8337072999931809e+00
1.6925997234809471e+00
3.3469731050463176e+00
2.7249804435082372e+00
3.6283950659257458e-01
3.4102421293053586e+00
9.4242260631147412e-01
1.8463575695558061e+00
3.2107209781359094e+00
1.4773573632067520e+00
1.8899116461751435e+00
1.1725545224308231e+00
1.7643616773687507e+00
1.1978069187854383e+00
4.7156173029731352e-01
1.5788600650575083e-01
3.4031784098230000e+00
1.6752915588843069e+00
1.2630214678083331e+00
8.9240177520419539e-01
1.4893220128922107e+00
1.3692223299328352e+00
2.8650072558576531e+00
4.2605078539302301e+00
4.3881650948567780e-01
7.5316199904611059e-01
1.6520920443238867e+00
1.8268615398548365e+00
1.5500644447446370e+00
1.3494195749481575e+00
7.9390162448577795e-01
9.2354904169939045e-01
2.7677058595129056e+00
3.0202194760225404e-01
6.0170034072903944e-01
2.5179298374923480e+00
1.8367052548903842e+00
2.1804371909962468e+00
1.5610015846396001e+00
2.0046783877575742e+00
2.6496475648621476e+00
1.5159798677513843e+00
1.7853080535041392e+00
1.5899877163619913e+00
9.4892701962254677e-01
1.7483771774175039e-01
6.2432312563040893e-01
1.1847432501792277e+00
1.4622801745432654e+00
2.0344850417894338e+00
2.9981942612928059e+00
6.1270235092603786e-01
5.8340726985484603e-01
1.4731692631002051e+00
2.4573766613065970e+00
1.1499823338473518e+00
1.8984783978227582e+00
2.3314547147889115e+00
2.3378930285603508e+00
2.3183045323778170e-01
1.5107525873987513e+00
1.8792707342877195e+00
2.9054757004828580e+00
2.7123220622815989e+00
1.5046283608665747e+00
1.2873489763949872e+00
1.4128302950497618e+00
6.8830568980427853e-01
1.4072532452775643e+00
9.2540144945631120e-01
7.8987659412953304e-01
2.4851608647015992e+00
1.0373846026143878e+00
4.0253440017738900e+00
3.1992581769212793e+00
1.5988785948579569e+00
2.4276446957705096e+00
2.4269321151038610e+00
1.8054726469689868e+00
1.2307145362895193e+00
1.8613269026043491e+00
1.9144960139645961e+00
1.5169481330023398e+00
1.5893263580298476e+00
2.7621339378932914e+00
1.5417741745128448e+00
2.9402707221510154e+00
1.3445882274769796e+00
7.2383563361475467e-01
2.3383439564397497e+00
2.0557140773707041e+00
1.0320250260606747e+00
2.6861359341394313e+00
2.5315502038010345e+00
2.0667460138133138e+00
3.4696375179301477e+00
1.5908085016705968e+00
1.3923342842869804e+00
1.2711648721749085e+00
1.4612095187325573e+00
3.9933917469640527e+00
6.7429993298483459e-01
2.5670027636696178e+00
1.5311614395145268e+00
1.0895222320660372e+00
3.0290536436009527e+00
1.0254404252477811e+00
2.5850008665772983e+00
1.3687349403788491e+00
1.7204245004078971e+00
3.6689001166454243e+00
1.2119665717699990e+00
1.7076186772935669e+00
3.2121356686447755e+00
1.3102303418640728e+00
2.3588066487140562e+00
3.3904992959412406e+00
1.6307629211712569e+00
1.7339685927333857e+00
2.4655131735950460e+00
2.0227545150009916e+00
1.2623848467658929e+00
1.2763268944081116e+00
9.6873175864745509e-01
2.5537798510331848e+00
1.7972438613908766e+00
1.5529324187575839e+00
6.2279332292096901e-01
6.5089008596788533e-01
1.5696223526678337e+00
8.2354124161606990e-01
1.2012781856560624e+00
1.6357858444541418e+00
2.4921636163012848e+00
1.0203171028468976e+00
9.4325119745371977e-01
2.4518218930345488e+00
8.3492289616093707e-01
1.9034166094915197e+00
1.8350533135061324e+00
4.4183494610567409e-01
1.4276968364864142e+00
1.7826764804959143e+00
1.2443039836043310e+00
5.9991989116389421e-01
1.5114659110980491e+00
2.1941648964864706e+00
9.6084409292338913e-01
7.9526872939230531e-01
1.3204756694418966e+00
3.4356066314364968e+00
3.4187577719412315e-01
1.7958924367592290e+00
2.7140883649429712e+00
3.9175463167930440e+00
1.0460190844303825e+00
1.9957557014847740e+00
3.9670306004083145e+00
1.8596334861638397e+00
1.4424736801402207e+00
2.2898623444586077e+00
2.0691400871033236e+00
1.9259960206630953e+00
2.6804602625724701e+00
1.3637302309492023e+00
1.3477526113528999e+00
2.0766776362145585e+00
7.5452806923082405e-01
2.3458820686716604e+00
1.8379693862523450e+00
1.1486885658775703e+00
2.1126123318586703e+00
1.9555963594986741e+00
2.2166179166209701e+00
1.1000752308380009e+00
9.8731579415184645e-01
1.3199205275016104e+00
9.5433265519212662e-01
1.2774492947983767e+00
1.3618106384576572e+00
1.1253300001589819e+00
1.9747795036704392e+00
2.0238699390337280e+00
1.7207185437770436e+00
1.4056040777243888e+00
2.3279382481448034e+00
1.6755494812941190e+00
2.1039773526081702e+00
2.2726387877214846e+00
2.4940569787739100e+00
1.4073306094444118e+00
2.2809105032784065e+00
1.7072744936206981e+00
1.4613335805932439e+00
1.0379751803549209e+00
2.0757026734059956e+00
1.4433822797521214e+00
1.5757862014998070e+00
1.5808445897218535e+00
7.9756357133996625e-01
1.4001234453571676e+00
1.0415766065494045e+00
8.0784081843912281e-01
3.9170524666027027e+00
2.5609505172947626e+00
6.3966971054885347e-01
2.3340677970798187e+00
2.2845250253996228e+00
2.8479228494028654e+00
8.5076600312861697e-02
7.1667962450891753e-01
1.7349833787132967e+00
1.8854500286258262e+00
1.7109902252474287e+00
2.3612434436719465e-01
1.9294504211391663e+00
1.8053067835682710e+00
1.3398061592607222e+00
2.6877497276159343e+00
2.7634740156187596e+00
1.3336130127225467e+00
4.4848203237531470e-01
1.0963229446201481e+00
1.3478788175986021e+00
1.9655540146271469e+00
6.8043296283315069e-01
1.4445888113252336e+00
5.4531857725268718e-01
1.6405871774472049e+00
6.1904487275485509e-01
1.8888905166171854e+00
1.6928494527067843e+00
2.3273229514132474e+00
2.7385605573566524e-01
3.2243987031724028e+00
1.6669308445249242e+00
4.0634657085421404e+00
5.0486118362386179e-01
1.2312499128329963e+00
8.6181640795026770e-01
9.8701916428735625e-01
2.7514718569816545e+00
2.9739394168928217e+00
3.0939667693369088e+00
3.3025758434730936e+00
2.6487453863498231e+00
7.7501414820584147e-01
5.0242256082997228e-01
1.1633223466578002e+00
8.2425009997037391e-01
1.1170533568463781e+00
7.1121176364166550e-01
5.2508431336252315e-01
1.8319593554104716e+00
3.1186600561354889e+00
2.9003070079338960e+00
9.7208665134230354e-01
1.7293929590683979e+00
7.7153167059225236e-01
3.9404996804447889e-01
2.7426246226810735e+00
2.1704735337045391e+00
1.1739138082032468e+00
1.3008255321480935e+00
7.7481211488394419e-01
1.7473501826848001e+00
1.7392299762183285e+00
3.2643027378331686e+00
1.9854016823715255e+00
2.3336789031886003e+00
1.2589456442592588e+00
2.8363551303346481e+00
7.7827328913531157e-01
7.1084387669652782e-01
9.8591429533612307e-01
4.3918928089355186e-01
1.9403107956274368e+00
7.9068427734079239e-01
2.8943409632403569e+00
6.2515317666566139e-01
1.5230829939628399e+00
1.4019378797990005e+00
9.3977529810769311e-01
9.9398001062359254e-01
2.3365593599348315e+00
1.5096214233748442e+00
2.8131224795442029e+00
2.0537088529971110e+00
1.7061244043529451e+00
2.2136757649760428e+00
5.7299715509753035e-01
3.3332868917172518e+00
3.8572264540731624e+00
1.6123710677655803e+00
1.3436696996570470e+00
7.4594316469361899e-01
