Вейбулла (3.0000) с масштабом 2.0000 со сдвигом 0.0000
0 100
2.0002328591942047e+00
1.5793183841013856e+00
3.3657190364727700e+00
1.4054782614009016e+00
1.0539661285025850e+00
1.0662347204149312e+00
2.0965132361025294e+00
2.0410696682538090e+00
1.5414159969781525e+00
9.2078892337964946e-01
9.2328157172168590e-01
2.0922367854024122e+00
9.1012781325301617e-01
1.8921940511154616e+00
7.3200188435090374e-01
9.0413185814455554e-01
2.6741480491760528e+00
2.1592472191410952e+00
1.9662577413360849e+00
2.5355673277526862e+00
6.6553942538684929e-01
1.8616306151772413e+00
2.6098208600350392e+00
1.4478017501537415e+00
6.3298615020808691e-01
2.2258165526444134e+00
1.0442974906727576e+00
2.1161555027108352e+00
8.8665478331784120e-01
1.4414601439623687e+00
1.9919358797701774e+00
1.2742579474902533e+00
4.3493447379026073e-01
2.7822968913341235e+00
1.5723926311207193e+00
2.8861066486124503e+00
1.8251353617899819e+00
1.2879051832932626e+00
8.5043663353123033e-01
2.6654739511501715e+00
2.1619328227103707e+00
2.4850119865315921e+00
1.9968170966534715e+00
2.4569977933290343e+00
2.3514101183730491e+00
1.1356441590162794e+00
1.3123792492095530e+00
1.9575278572442760e+00
2.1898094456009556e+00
8.2448017143872365e-01
2.5366054073496005e+00
1.7057675315534795e+00
1.3034171213431576e+00
2.6675928824750788e+00
1.4788155662372764e+00
1.9319848970368454e+00
1.5239915081302231e+00
1.9392641880743866e+00
2.5912099753271010e+00
1.0171235770468614e+00
1.1801842944906644e+00
2.1360937332562728e+00
1.2310208916392318e+00
1.4237674689381299e+00
1.9031100056270147e+00
1.3024280439123730e+00
1.1245175697579752e+00
1.4051808689952858e+00
2.2344473724936957e+00
2.9122810245382920e+00
1.8447537609348006e+00
2.4565159951292519e+00
1.9891260584203196e+00
2.5066685720856512e+00
1.6705212060791366e+00
1.7924998803252470e+00
2.3684264550196619e+00
1.5790150184332439e+00
1.5592454485034442e+00
1.5300658406665928e+00
1.9859920149235177e+00
1.2300540028158351e+00
1.2765339753648837e+00
1.3984010260476760e+00
2.2487403392963810e+00
2.3070480204323172e+00
1.8786533874836859e+00
2.1836271304910966e+00
1.7365760804296548e+00
2.1360062756559013e+00
2.3083877383672768e+00
2.9018841826391730e+00
2.6302068475478575e+00
2.3774743091565211e+00
1.7307126961682255e+00
1.2447123552463282e+00
1.9183618592175926e+00
2.3837610825706781e+00
2.9801567937578657e+00
2.5040900745525709e+00
