Вейбулла (3.0000) с масштабом 2.0000 со сдвигом 0.0000
0 500
2.0002328591942047e+00
1.5793183841013856e+00
3.3657190364727700e+00
1.4054782614009016e+00
1.0539661285025850e+00
1.0662347204149312e+00
2.0965132361025294e+00
2.0410696682538090e+00
1.5414159969781525e+00
9.2078892337964946e-01
9.2328157172168590e-01
2.0922367854024122e+00
9.1012781325301617e-01
1.8921940511154616e+00
7.3200188435090374e-01
9.0413185814455554e-01
2.6741480491760528e+00
2.1592472191410952e+00
1.9662577413360849e+00
2.5355673277526862e+00
6.6553942538684929e-01
1.8616306151772413e+00
2.6098208600350392e+00
1.4478017501537415e+00
6.3298615020808691e-01
2.2258165526444134e+00
1.0442974906727576e+00
2.1161555027108352e+00
8.8665478331784120e-01
1.4414601439623687e+00
1.9919358797701774e+00
1.2742579474902533e+00
4.3493447379026073e-01
2.7822968913341235e+00
1.5723926311207193e+00
2.8861066486124503e+00
1.8251353617899819e+00
1.2879051832932626e+00
8.5043663353123033e-01
2.6654739511501715e+00
2.1619328227103707e+00
2.4850119865315921e+00
1.9968170966534715e+00
2.4569977933290343e+00
2.3514101183730491e+00
1.1356441590162794e+00
1.3123792492095530e+00
1.9575278572442760e+00
2.1898094456009556e+00
8.2448017143872365e-01
2.5366054073496005e+00
1.7057675315534795e+00
1.3034171213431576e+00
2.6675928824750788e+00
1.4788155662372764e+00
1.9319848970368454e+00
1.5239915081302231e+00
1.9392641880743866e+00
2.5912099753271010e+00
1.0171235770468614e+00
1.1801842944906644e+00
2.1360937332562728e+00
1.2310208916392318e+00
1.4237674689381299e+00
1.9031100056270147e+00
1.3024280439123730e+00
1.1245175697579752e+00
1.4051808689952858e+00
2.2344473724936957e+00
2.9122810245382920e+00
1.8447537609348006e+00
2.4565159951292519e+00
1.9891260584203196e+00
2.5066685720856512e+00
1.6705212060791366e+00
1.7924998803252470e+00
2.3684264550196619e+00
1.5790150184332439e+00
1.5592454485034442e+00
1.5300658406665928e+00
1.9859920149235177e+00
1.2300540028158351e+00
1.2765339753648837e+00
1.3984010260476760e+00
2.2487403392963810e+00
2.3070480204323172e+00
1.8786533874836859e+00
2.1836271304910966e+00
1.7365760804296548e+00
2.1360062756559013e+00
2.3083877383672768e+00
2.9018841826391730e+00
2.6302068475478575e+00
2.3774743091565211e+00
1.7307126961682255e+00
1.2447123552463282e+00
1.9183618592175926e+00
2.3837610825706781e+00
2.9801567937578657e+00
2.5040900745525709e+00
2.9930963935375416e+00
2.0363191564162322e+00
1.2795737885402860e+00
1.8976180618970813e+00
3.8047106309813328e-01
2.4265371708920314e+00
8.7275761861348777e-01
1.8050212088946931e+00
1.5538053373639824e+00
9.6974321134839014e-01
2.4204741052696521e+00
1.8635089512352521e+00
2.5811854804805208e+00
1.1944097231345554e+00
8.3705579055674606e-01
9.3167100848346107e-01
1.5492025286323461e+00
2.0028574275461408e+00
1.2073736725757749e+00
1.9810987236614652e+00
2.7811261692672224e+00
1.8503378748809793e+00
9.5299801678910034e-01
2.1427096718527290e+00
2.1135656308972983e+00
2.6354347895885937e+00
1.7426826643148423e+00
1.3731381370594968e+00
1.6131827969237726e+00
1.2547509704775746e+00
2.2781493092464276e+00
6.9807131986065207e-01
1.6848658767934397e+00
2.8932497179110723e+00
2.3562870067478046e+00
1.6211717402427912e+00
1.8407225403403848e+00
1.1396933852680098e+00
1.6947879164035533e+00
1.6378002191367476e+00
2.3389340185370848e+00
1.2858601134881120e+00
6.5931608577223988e-01
2.2668509218170896e+00
1.3293501414781230e+00
1.6291408168370807e+00
8.8414151341697833e-01
2.8273343473250963e+00
2.4380857803271252e+00
1.3561565303514018e+00
1.9259068555783836e+00
2.3976039551745907e+00
2.8729941537327432e+00
2.2169173524806216e+00
1.5687634548543348e+00
1.3668508839173177e+00
1.9114720406075894e+00
1.4664505189255446e+00
1.5794924673183821e+00
8.8091798110367225e-01
2.2143096993349056e+00
1.8971443947345870e+00
2.0030411799548071e+00
2.5486769861690841e+00
4.9401731351962469e-01
1.7040776132376632e+00
2.2202796819646742e+00
1.3088925802030922e+00
1.8977478016801816e+00
1.3683081208754426e+00
2.5245825629817937e+00
1.8371961677493978e+00
2.1712896534142718e+00
1.6464828076638707e+00
1.3254846492881109e+00
1.9907256141129921e+00
1.8905555761812138e+00
1.8272045946774838e+00
1.5658449929000644e+00
2.3261380577854416e+00
1.5336610165873146e+00
1.3396554785625263e+00
7.5887750481755556e-01
2.4888101355784444e+00
1.3209623813097977e+00
2.0821030014358977e+00
2.2518770506628925e+00
2.4541479653970932e+00
1.6191662810774252e+00
8.0981613871173652e-01
1.8911304747208573e+00
1.1123359143699789e+00
2.2151438810764952e+00
1.6851795313718849e+00
2.2039417803351773e+00
1.7477527761871892e+00
1.5263146713519586e+00
1.7542940065575723e+00
2.1545128979958990e+00
1.1112862066500295e+00
1.6548582860678611e+00
1.2561806579824928e+00
1.1174583362711186e+00
1.9985952985134194e+00
1.9006298512133697e+00
2.4415344771791028e+00
1.7589715187010067e+00
1.7956786558415745e+00
4.0040570704234701e-01
1.8011657896765181e+00
1.4079257969366510e+00
1.1340655491249565e+00
7.4667547819978952e-01
1.0887357652934102e+00
1.0869152588100077e+00
2.2458280284415029e+00
1.8578437089372259e+00
1.5301039537818457e+00
2.1442676586410010e+00
3.1277873026140229e-01
7.1581452045080562e-01
1.8329711961356776e+00
3.7420291663995244e+00
2.2730449874804690e+00
2.1727059855037698e+00
2.3993581600253773e+00
8.0109881473860056e-01
2.8355759039263742e+00
1.7979221966544749e+00
1.7431836309413193e+00
1.8338906852719514e+00
1.6570055628069482e+00
1.5664275773396152e+00
2.1848209619575871e+00
2.1655824224039000e+00
2.5145136186926020e+00
1.5440833798293201e+00
2.7085687803525480e+00
9.6430588891129643e-01
2.1236220310281455e+00
1.5061629114851129e+00
1.7304919642157792e+00
2.1101848466109354e+00
1.4007788564007380e+00
1.5570741763788281e+00
1.6859323125654277e+00
1.9699329979593521e+00
2.1649093983784407e+00
1.6787889087155639e+00
1.7446157531990021e+00
1.8480150537744018e+00
2.2219049437378358e+00
2.3168741427405868e+00
2.2748772322434081e+00
2.6722235903574263e+00
2.9587133859259520e+00
3.0857600497094126e+00
2.1436519457265426e+00
9.0938627281601925e-01
1.6137545214687636e+00
2.5610882567867184e+00
1.9655762023324559e+00
1.4507579050288690e+00
1.4834945645252400e+00
2.2464417093898699e+00
1.8319468011135340e+00
1.1226708367181997e+00
2.0079607890500100e+00
2.3259200273404383e+00
1.4627317974024412e+00
1.7907060017663667e+00
1.5299453328865098e+00
1.5495656930154482e+00
3.1067529826249407e+00
2.6775972512934163e+00
2.7782891529242972e+00
7.6360581409810180e-01
1.8600952407768085e+00
1.5328182996535500e+00
1.7363964183195186e+00
1.8287712591643244e+00
3.3344565452254700e+00
1.0461031336602848e+00
1.7020875036279892e+00
9.3346681358163475e-01
8.7833959194764422e-01
2.0406011954763641e+00
1.4976947239290088e+00
2.5903320241985215e+00
2.1578998745514140e+00
1.0739774804588542e+00
2.0427707778466644e+00
1.5605947366084945e+00
1.6983473344262168e+00
2.9148435799776640e+00
1.2782954410740750e+00
2.5654803433370321e+00
5.1038772223148821e-01
2.0983554839615248e+00
1.8895493447431504e+00
1.1405698015163139e+00
1.9102541671501536e+00
1.4192684910936808e+00
2.2844539516314057e+00
7.7241341193405200e-01
2.2513672649864609e+00
1.3898085535283911e+00
1.5574262560542063e+00
1.9077332296664622e+00
1.7068418297784653e+00
1.9733205798903708e+00
1.9645108752900104e+00
1.8971499055490009e+00
2.3065628207939932e+00
8.9028301861380288e-01
9.0472865477414477e-01
3.4397036317245346e+00
1.9166321202600094e+00
1.2437728063806350e+00
1.4024363746546420e+00
2.6528832763249981e+00
1.0113987885002880e+00
2.1567908124059909e+00
1.9011827189927650e+00
1.4420004185114090e+00
2.8790556488760357e+00
2.7626099975784109e+00
1.6586165151702328e+00
1.1362575466481462e+00
1.8382378497914718e+00
2.0989614126996647e+00
1.4724831938112488e+00
7.2293570950808794e-01
1.8982274073276202e+00
1.4899814684168962e+00
1.5493157066179148e+00
1.6929950364288746e+00
1.6663759577838058e+00
2.8833021040966331e+00
1.2158622821968537e+00
1.7466399374856332e+00
3.0236963334630742e+00
2.1886458097468457e+00
1.9664588359679330e-01
1.1440394151719659e+00
1.0152419361796370e+00
1.6160369836672517e+00
1.5778302708327376e+00
2.4493932974707238e+00
1.9755808785957147e+00
1.0412109752090788e+00
1.0167521868742828e+00
7.0515738071003031e-01
1.3474522090961103e+00
2.1275738451459443e+00
3.0385380915203060e+00
2.3946686883730322e+00
2.1608948486694119e+00
1.6215051294402545e+00
2.2401312658394512e+00
1.7441999868968454e+00
1.5383753391506383e+00
2.3985350056431631e+00
1.2608971481332309e+00
1.4069411631736273e+00
1.1238199289646484e+00
2.3070609321936688e+00
2.3149457285029236e+00
1.2309539090927544e+00
1.4098693015298307e+00
3.7252569138922509e-01
1.4668439033708556e+00
2.3972966561328222e+00
1.0548443612484211e+00
1.3631076756021325e+00
2.4829588138958254e+00
2.8101472638214315e+00
2.6530481605941461e+00
2.6562914212984619e+00
2.4240698871898814e+00
2.9793602425425814e+00
2.1334524044093821e+00
2.3682069082359871e+00
1.7369129506318883e+00
1.8270033102554073e+00
2.6261165658569117e+00
2.2907883956359925e+00
7.3662797774976341e-01
1.6935784845201469e+00
2.2049264548265608e+00
2.5340808873517568e+00
7.0274945438669523e-01
2.5698799995262139e-01
2.8232525051529587e+00
2.6289828850643513e+00
1.5758146016463694e+00
1.5163485415572182e+00
9.2932644794870034e-01
2.4388597340369840e+00
2.9484083287948044e+00
1.4913572850471786e+00
1.8942726663941398e+00
1.5413375464325856e+00
1.7541978604520609e+00
1.9355608067046499e+00
1.2017794178381975e+00
2.9785930017880142e+00
1.3097949155772086e+00
1.3684109737352119e+00
1.8967308257165276e+00
2.1006859630757857e+00
3.3545284844439718e+00
1.5030906603890841e+00
3.3596419377056415e+00
2.5173783746699887e+00
1.8860758753192550e+00
2.3266706664733006e+00
2.4024702769632675e+00
1.2281805564040167e+00
1.0998822589212289e+00
1.5033680904646165e+00
2.0624320476267450e+00
3.6339822652715568e+00
1.2078462659789742e+00
3.5257417061220164e-01
1.4457159560042208e+00
2.8654291639697340e+00
1.0040492016132954e+00
2.3716957752653562e+00
9.3841547701337713e-01
2.2965013907884670e+00
1.0891931174746028e+00
1.8380413997705360e+00
2.0754513672907726e+00
1.7361742898759864e+00
2.0503516210447090e+00
2.6861376625614737e+00
2.1165694233172303e+00
2.0235580054627809e+00
2.1752789811499373e+00
2.4723530700917311e+00
1.8687434516002954e+00
1.1909727652438313e+00
1.4412868047810352e+00
3.6007712008608315e+00
1.1548209033106631e+00
2.5139386271097983e+00
5.9353599590058759e-01
1.5100093425069887e+00
1.7780516411580842e+00
1.0737868260371755e+00
2.6383719786386814e+00
1.4460633005243351e+00
1.6677727602489962e+00
1.7498602996964578e+00
2.5406102715923025e+00
2.4817234754856470e+00
3.0280031461961934e+00
2.0763244769501950e+00
1.4007741468273776e+00
2.3137389491889016e+00
1.6163235811167216e+00
1.4899342717635837e+00
1.4324969039776707e+00
1.5641729415013916e+00
1.6577080143753080e+00
2.4370129733940180e+00
3.2777968245405269e+00
1.2502103161287377e+00
1.7016676473227046e+00
2.5035411271101045e+00
2.0547540125973152e+00
1.8977502906172654e+00
7.6294698181294907e-01
1.7805857785017349e+00
3.6252044586924597e+00
2.2695839524466499e+00
2.0078374680890874e+00
9.7879140769342021e-01
1.1116661567995709e+00
1.6618323187742035e+00
1.7249841815004281e+00
9.9870766565502067e-01
1.7490729728893004e+00
2.7089935947522767e+00
2.3132918544718919e+00
1.3427966748221729e+00
2.1984741019799254e+00
2.5338544336634965e+00
2.0465247939708093e+00
2.4181409255587902e+00
6.8855032101347224e-01
2.0184249184546648e+00
1.3091168104018345e+00
1.8972399405505640e+00
1.6976760680137304e+00
2.6939384392559256e+00
1.1514781724468142e+00
1.9374301343513556e+00
2.5179603282756866e+00
