Вейбулла (3.0000) с масштабом 2.0000 со сдвигом 0.0000
0 50
2.0002328591942047e+00
1.5793183841013856e+00
3.3657190364727700e+00
1.4054782614009016e+00
1.0539661285025850e+00
1.0662347204149312e+00
2.0965132361025294e+00
2.0410696682538090e+00
1.5414159969781525e+00
9.2078892337964946e-01
9.2328157172168590e-01
2.0922367854024122e+00
9.1012781325301617e-01
1.8921940511154616e+00
7.3200188435090374e-01
9.0413185814455554e-01
2.6741480491760528e+00
2.1592472191410952e+00
1.9662577413360849e+00
2.5355673277526862e+00
6.6553942538684929e-01
1.8616306151772413e+00
2.6098208600350392e+00
1.4478017501537415e+00
6.3298615020808691e-01
2.2258165526444134e+00
1.0442974906727576e+00
2.1161555027108352e+00
8.8665478331784120e-01
1.4414601439623687e+00
1.9919358797701774e+00
1.2742579474902533e+00
4.3493447379026073e-01
2.7822968913341235e+00
1.5723926311207193e+00
2.8861066486124503e+00
1.8251353617899819e+00
1.2879051832932626e+00
8.5043663353123033e-01
2.6654739511501715e+00
2.1619328227103707e+00
2.4850119865315921e+00
1.9968170966534715e+00
2.4569977933290343e+00
2.3514101183730491e+00
1.1356441590162794e+00
1.3123792492095530e+00
1.9575278572442760e+00
2.1898094456009556e+00
8.2448017143872365e-01
