Вейбулла (4.0000) с масштабом 2.0000 со сдвигом 0.0000
0 100
2.0089636639869002e+00
1.2406756657872717e+00
1.9786657680784261e+00
2.1566841243805865e+00
2.0810277082637683e+00
1.7095416596887167e+00
1.8121980385918921e+00
1.8159860179268386e+00
1.7853234240389400e+00
2.4271902868636008e+00
2.4342065545759470e+00
2.5668316264395634e+00
1.5338539067289787e+00
2.1025291335670109e+00
1.0495525217948054e+00
1.7453952563240451e+00
2.1005737630799963e+00
2.0024086038887412e+00
2.6290632408562948e+00
2.1172877561457688e+00
1.0329284750664718e+00
2.6705100578192851e+00
1.9456198896932073e+00
1.0896284993841419e+00
2.6926089215029112e+00
2.1214329669859731e+00
1.8849307270891589e+00
2.1886748021563469e+00
1.8935739982823192e+00
2.1055294699021219e+00
2.5908324127379565e+00
1.6487113480010982e+00
1.6675182971213243e+00
1.4641175256230845e+00
1.0008027604499077e+00
1.5747419249205719e+00
1.7091257794296890e+00
1.9205565701498821e+00
2.2992519942210654e+00
1.7236889806162294e+00
1.8157997729113486e+00
1.8651581496889995e+00
2.8350433547639016e+00
1.7981018798361583e+00
2.0341263056697758e+00
1.9267411091091080e+00
7.5601809223247962e-01
1.1769476046391136e+00
1.2926265613136385e+00
2.3327660379043595e+00
2.1823899063689884e+00
1.1750117366938335e+00
1.3926087225986263e+00
1.5918643230262890e+00
2.4352377196267980e+00
1.5463994376027692e+00
2.0333891324089888e+00
2.6671552496353832e+00
2.6762376864661945e+00
2.2709213488881717e+00
2.7269094345001390e+00
1.7498917067795059e+00
1.5001243283469774e+00
2.0416523417293360e+00
1.0714191062330312e+00
2.9207521138076333e+00
1.8174510359744342e+00
2.6270701742154907e+00
1.6565492939441335e+00
2.1977481022461447e+00
1.3155996635189167e+00
1.6269747912003611e+00
2.0111118424807279e+00
2.4839965161600821e+00
2.2354455046071138e+00
1.6618765578664088e+00
9.8846317601999778e-01
1.5186529808137723e+00
2.0966023368602813e+00
1.3577636342161208e+00
1.6738900559328316e+00
2.1778041187286230e+00
2.6519875888788609e+00
2.1593388387328289e+00
2.1912910422857355e+00
6.8814261280526512e-01
2.0180904041042456e+00
6.9819086689726406e-01
1.3756553866373755e+00
2.3642798730487380e+00
1.4192189000544926e+00
2.1483659957418140e+00
1.1975043530442699e+00
1.2609648380063816e+00
2.5727419704158176e+00
1.1204637419362091e+00
1.7592604897409023e+00
2.1316211502928843e+00
1.7533674029976525e+00
1.6150497176605336e+00
