Вейбулла (4.0000) с масштабом 2.0000 со сдвигом 0.0000
0 500
2.0089636639869002e+00
1.2406756657872717e+00
1.9786657680784261e+00
2.1566841243805865e+00
2.0810277082637683e+00
1.7095416596887167e+00
1.8121980385918921e+00
1.8159860179268386e+00
1.7853234240389400e+00
2.4271902868636008e+00
2.4342065545759470e+00
2.5668316264395634e+00
1.5338539067289787e+00
2.1025291335670109e+00
1.0495525217948054e+00
1.7453952563240451e+00
2.1005737630799963e+00
2.0024086038887412e+00
2.6290632408562948e+00
2.1172877561457688e+00
1.0329284750664718e+00
2.6705100578192851e+00
1.9456198896932073e+00
1.0896284993841419e+00
2.6926089215029112e+00
2.1214329669859731e+00
1.8849307270891589e+00
2.1886748021563469e+00
1.8935739982823192e+00
2.1055294699021219e+00
2.5908324127379565e+00
1.6487113480010982e+00
1.6675182971213243e+00
1.4641175256230845e+00
1.0008027604499077e+00
1.5747419249205719e+00
1.7091257794296890e+00
1.9205565701498821e+00
2.2992519942210654e+00
1.7236889806162294e+00
1.8157997729113486e+00
1.8651581496889995e+00
2.8350433547639016e+00
1.7981018798361583e+00
2.0341263056697758e+00
1.9267411091091080e+00
7.5601809223247962e-01
1.1769476046391136e+00
1.2926265613136385e+00
2.3327660379043595e+00
2.1823899063689884e+00
1.1750117366938335e+00
1.3926087225986263e+00
1.5918643230262890e+00
2.4352377196267980e+00
1.5463994376027692e+00
2.0333891324089888e+00
2.6671552496353832e+00
2.6762376864661945e+00
2.2709213488881717e+00
2.7269094345001390e+00
1.7498917067795059e+00
1.5001243283469774e+00
2.0416523417293360e+00
1.0714191062330312e+00
2.9207521138076333e+00
1.8174510359744342e+00
2.6270701742154907e+00
1.6565492939441335e+00
2.1977481022461447e+00
1.3155996635189167e+00
1.6269747912003611e+00
2.0111118424807279e+00
2.4839965161600821e+00
2.2354455046071138e+00
1.6618765578664088e+00
9.8846317601999778e-01
1.5186529808137723e+00
2.0966023368602813e+00
1.3577636342161208e+00
1.6738900559328316e+00
2.1778041187286230e+00
2.6519875888788609e+00
2.1593388387328289e+00
2.1912910422857355e+00
6.8814261280526512e-01
2.0180904041042456e+00
6.9819086689726406e-01
1.3756553866373755e+00
2.3642798730487380e+00
1.4192189000544926e+00
2.1483659957418140e+00
1.1975043530442699e+00
1.2609648380063816e+00
2.5727419704158176e+00
1.1204637419362091e+00
1.7592604897409023e+00
2.1316211502928843e+00
1.7533674029976525e+00
1.6150497176605336e+00
1.4364827059285694e+00
1.1645560055224649e+00
1.5774653714369780e+00
1.8572278429792914e+00
2.3467694167335318e+00
1.4411801953133874e+00
2.1503757908038863e+00
1.8816055748624043e+00
1.9286973473778266e+00
2.0881219625607881e+00
1.5715022881589931e+00
1.9364656876025199e+00
1.2956814703020707e+00
1.8124872535441034e+00
1.2718462548698168e+00
1.6191882984622665e+00
1.9903927613476189e+00
2.0852165021900126e+00
2.6134568919682470e+00
1.6729240613016296e+00
2.6694567304792671e+00
8.8916191105923204e-01
1.9904974783698830e+00
1.4135397141956947e+00
1.6689992052571931e+00
1.8964702269558089e+00
1.8736638798720580e+00
2.4086938823574142e+00
1.7775880913828574e+00
2.5381865020389207e+00
1.9831292097276330e+00
2.4217611986025740e+00
1.5419831346778898e+00
1.3418741577122653e+00
1.9086761942352415e+00
1.2449066303799319e+00
1.2687974140317371e+00
2.2665872862000196e+00
2.2806837050018620e+00
1.8017639553001188e+00
1.7897119184813852e+00
2.2249916578880997e+00
2.3763780198777269e+00
2.0042154826271803e+00
2.2943145612137990e+00
6.7085484400877293e-01
2.2194999677753411e+00
2.4511344924627854e+00
1.1293238922516893e+00
2.2095514773047120e+00
1.5758851023658795e+00
1.6375383881426884e+00
1.3527082219684157e+00
1.6881770944580958e+00
1.8465877855701691e+00
2.5050876696468438e+00
1.9675559214025640e+00
2.2665551722306931e+00
2.5143890828388962e+00
2.0288854805763461e+00
2.0125918566057615e+00
1.6345459123842412e+00
2.6012386973385468e+00
1.4532545005796138e+00
1.1286819997722499e+00
1.7784478185649264e+00
2.6131127839521633e+00
1.1715810427389028e+00
1.8743506339083280e+00
1.5229828986679463e+00
1.7925329399687511e+00
1.7247443366542872e+00
2.7209467077198366e+00
1.8709912517982732e+00
2.5491350125515608e+00
1.8703929148339986e+00
2.0842863724262473e+00
1.8263717288114645e+00
1.9466788499583769e+00
2.2382663221926666e+00
2.4087224545710177e+00
2.2508244442807883e+00
2.3692001106336624e+00
1.7687010637874703e+00
2.5643550207859556e+00
1.4188856027330297e+00
1.8874481731059152e+00
1.7302037460708948e+00
2.4273745107793299e+00
1.5998934888798604e+00
2.1910447309556700e+00
1.5028487247980291e+00
2.0506476207451585e+00
1.5803047224294549e+00
2.8301448761442538e+00
2.2483097448356273e+00
2.4363130196940936e+00
1.7117305445791402e+00
1.1697668872658979e+00
1.7214266146538921e+00
2.1675773351650620e+00
1.6586072518558053e+00
1.3803456146543345e+00
1.7913271093932117e+00
1.9349721475734660e+00
1.3017962615461234e+00
9.4100214899606716e-01
1.3478455159102398e+00
2.8478326080045648e+00
1.1121884646233271e+00
1.6768332493663147e+00
2.1856132431872659e+00
1.3295251378853410e+00
2.4073159532381121e+00
2.1037750758412552e+00
1.4187826769842704e+00
1.9063440673310106e+00
1.7189032778121907e+00
1.6385876027055926e+00
3.8848812587571152e-01
1.2580113816275049e+00
1.9163646066771389e+00
2.0498105168843965e+00
1.6328401286741745e+00
7.4848604855668099e-01
1.4980656802599783e+00
1.4697305813835266e+00
2.4505166696020946e+00
2.8721724643000441e+00
2.3196545720882615e+00
1.9305581600088058e+00
1.5481230025372716e+00
1.5631254724687198e+00
1.1122427522620340e+00
1.5335745034355441e+00
1.8693700859582163e+00
2.4253793695322878e+00
2.2715199719762156e+00
1.2103707588266468e+00
1.9578716155422877e+00
1.2101770720351133e+00
1.4785775513035275e+00
2.5401516395025325e+00
2.6212658500893737e+00
2.5380244405990480e+00
1.7776205874690905e+00
2.0685722938033302e+00
2.7298708185256713e+00
2.0825182219218954e+00
2.6925599190303560e+00
3.1913903024750487e+00
1.3676780432770077e+00
1.2997664278358894e+00
2.4535850258806606e+00
2.5261732109280435e+00
2.3111582570973290e+00
2.3849465336779052e+00
3.1264277625310108e+00
1.6914119147168161e+00
1.8718673582465444e+00
1.2949821650375846e+00
1.8023061905140754e+00
2.4367292854468365e+00
2.0338938425096438e+00
1.0759496494111405e+00
1.8066553603936337e+00
1.7524980324859309e+00
1.7344017673862151e+00
1.2765064345465511e+00
1.5583793382161422e+00
1.9990781760130032e+00
1.9702043620110667e+00
1.6251522899488913e+00
2.1862236777553226e+00
2.0579783237115592e+00
1.0622343454656447e+00
2.3956852546508483e+00
1.2031882513670216e+00
2.2568247186826906e+00
1.8094421483715184e+00
1.5425615283764151e+00
1.3934356841334858e+00
2.1086124732229012e+00
1.9634387255802093e+00
1.9754118385999802e+00
1.9069484921956767e+00
2.3928127226093805e+00
1.4076788887154392e+00
2.5235270367526104e+00
2.8355333460469727e+00
1.6936875558588083e+00
2.6195119620328842e+00
2.0019837057507939e+00
1.3155285396511947e+00
1.4768347212100330e+00
1.4225594956448098e+00
2.5287147837264943e+00
1.4378277476082746e+00
2.1148530461819210e+00
1.3525484152957070e+00
2.3897123612349427e+00
2.2171024987848758e+00
1.4957399171606698e+00
1.2360497336459784e+00
1.2230590946664088e+00
1.7075998318874712e+00
2.1902681520287213e+00
1.5597975282000778e+00
2.4732709104808799e+00
8.1105242869278116e-01
4.8453733834213986e-01
1.7085052700437566e+00
2.2089708476362913e+00
9.3042291673742883e-01
1.3811288913891300e+00
2.3891292820994163e+00
1.7853235358329183e+00
1.4584666151448513e+00
1.0697630828300291e+00
2.3115358479632531e+00
2.3739591908491322e+00
2.1811575478021323e+00
2.4661473464741550e+00
1.6511665939968250e+00
2.8598279101086952e+00
1.9171051960128236e+00
1.8539613774336170e+00
2.0386156356371257e+00
1.8655396315527992e+00
1.8589228525093910e+00
2.5141460739522921e+00
1.9112953808915945e+00
2.9602096370303048e+00
2.0799491631016460e+00
1.8529546348283930e+00
1.7461789612007905e+00
1.7206572238617936e+00
1.1085997150079465e+00
2.0535152147140900e+00
1.3803983937281297e+00
1.3649932283876605e+00
2.2134640648840289e+00
2.3788606830006795e+00
1.7355518961103400e+00
1.5358973673746104e+00
2.3389702944430906e+00
1.5007810104956876e+00
1.7653480181938646e+00
1.9505397203483550e+00
2.2562133735419421e+00
1.9081263751263762e+00
8.9978256587956196e-01
2.5883910101025438e+00
1.3216517809479618e+00
1.7615852686595974e+00
2.4948956261206741e+00
1.0989283463164681e+00
1.9460845677875831e+00
2.3426811958316089e+00
1.4980426062528822e+00
1.6044684617314986e+00
2.1713870124551486e+00
1.0176487585136078e+00
8.8560810101511922e-01
2.3630711328473835e+00
2.0494963952006717e+00
2.7042534995950418e+00
2.1573256542256671e+00
9.2169452665426876e-01
1.4229988525639394e+00
1.6247850669944821e+00
1.8502910213046011e+00
2.4512547678835048e+00
2.0988910169359869e+00
1.4844487052632738e+00
8.5281885207186792e-01
1.4807986881216293e+00
1.1364688512265420e+00
1.8864228878430864e+00
1.7541135477556762e+00
1.9216735781242631e+00
1.3789351684340592e+00
1.5218022376605411e+00
1.9435984031883549e+00
2.2447576117873891e+00
1.3125718460405105e+00
2.5033119528839101e+00
1.9228765493872970e+00
1.8517949178543232e+00
2.1459021222512726e+00
1.4371993213688661e+00
1.7121643780589566e+00
1.5128128864253751e+00
1.1119174083141916e+00
1.6951282582090732e+00
9.3188634689529348e-01
1.3532051141846313e+00
2.2139839416124203e+00
1.7420695841210856e+00
1.4804606620794489e+00
1.5026134828936417e+00
2.0697386773341759e+00
1.4978906795855984e+00
2.3160189247669285e+00
2.2608432477031011e+00
1.2756386476134640e+00
2.2118223690214101e+00
1.8398106117602084e+00
2.1580374306641747e+00
9.5402749589124469e-01
1.9949572758422875e+00
1.4704472690791770e+00
2.2950694418148099e+00
2.8192832268128383e+00
1.9664343613600705e+00
1.9655743187590364e+00
3.1011626820155365e+00
1.2157343319043827e+00
1.6902655881545086e+00
2.0960624933528775e+00
1.2338073730092873e+00
2.7394902415567675e+00
1.2909280984633154e+00
1.8821678125971135e+00
2.0271990865021978e+00
1.9303125417565394e+00
2.0036788063896736e+00
2.3963024069367687e+00
4.7784605689220755e-01
1.0984860170048394e+00
1.2776747872787044e+00
1.4240489061359294e+00
1.9433618226152878e+00
1.4722475850687946e+00
1.6490544366897915e+00
2.2660425793181442e+00
1.0775491386318461e+00
1.6490330626149619e+00
1.6409888034937190e+00
2.6176665283515712e+00
2.1150193422300121e+00
9.6919772820722760e-01
1.0193917504718550e+00
1.7652158570942300e+00
2.2152288289489235e+00
1.8260738162619874e+00
2.3173402893730151e+00
1.2533778091582826e+00
2.1938356058594475e+00
1.3400922903241079e+00
1.2636907377479729e+00
2.1507639112069450e+00
1.6093639583944166e+00
2.1301225833396353e+00
2.1071816367664864e+00
1.9885970002852329e+00
2.0072035394282559e+00
1.6488107273355783e+00
1.7380100126945170e+00
2.1002731185612258e+00
1.6409233067943603e+00
1.5357860338542852e+00
1.8761199065686094e+00
1.9261020464511078e+00
2.4999042655648105e+00
1.3271835322052268e+00
1.6643950048993215e+00
1.9978671137467170e+00
1.5363894464632255e+00
1.6711948629671649e+00
1.3513131498933970e+00
1.6817875700289870e+00
1.8539885561886160e+00
1.6407825961446931e+00
2.0738558227803696e+00
1.2183271669435309e+00
1.6847799985998337e+00
1.2794330429344716e+00
5.4445718995933445e-01
1.4955389095806728e+00
1.4869370148754648e+00
2.2569038268821009e+00
1.6308256543974133e+00
2.4189511094115423e+00
1.6815372451966015e+00
1.3474518067285424e+00
1.5823348780396371e+00
1.4668525778900292e+00
3.0000389063444493e+00
2.4148898917586288e+00
2.2470362770232550e+00
1.7295389391593217e+00
2.1980166394217813e+00
2.2232910805918764e+00
1.0360362326042714e+00
2.7891145695374684e+00
2.3484407377940277e+00
2.3892828892885309e+00
2.3093254166794659e+00
1.9544273345890166e+00
