Вейбулла (4.0000) с масштабом 2.0000 со сдвигом 0.0000
0 50
2.0089636639869002e+00
1.2406756657872717e+00
1.9786657680784261e+00
2.1566841243805865e+00
2.0810277082637683e+00
1.7095416596887167e+00
1.8121980385918921e+00
1.8159860179268386e+00
1.7853234240389400e+00
2.4271902868636008e+00
2.4342065545759470e+00
2.5668316264395634e+00
1.5338539067289787e+00
2.1025291335670109e+00
1.0495525217948054e+00
1.7453952563240451e+00
2.1005737630799963e+00
2.0024086038887412e+00
2.6290632408562948e+00
2.1172877561457688e+00
1.0329284750664718e+00
2.6705100578192851e+00
1.9456198896932073e+00
1.0896284993841419e+00
2.6926089215029112e+00
2.1214329669859731e+00
1.8849307270891589e+00
2.1886748021563469e+00
1.8935739982823192e+00
2.1055294699021219e+00
2.5908324127379565e+00
1.6487113480010982e+00
1.6675182971213243e+00
1.4641175256230845e+00
1.0008027604499077e+00
1.5747419249205719e+00
1.7091257794296890e+00
1.9205565701498821e+00
2.2992519942210654e+00
1.7236889806162294e+00
1.8157997729113486e+00
1.8651581496889995e+00
2.8350433547639016e+00
1.7981018798361583e+00
2.0341263056697758e+00
1.9267411091091080e+00
7.5601809223247962e-01
1.1769476046391136e+00
1.2926265613136385e+00
2.3327660379043595e+00
