Вейбулла (5.0000) с масштабом 2.0000 со сдвигом 0.0000
0 100
2.0142226689974865e+00
2.3363597819831625e+00
1.5460328152188989e+00
1.4637644747960450e+00
1.5508342245640805e+00
2.0604521705148326e+00
1.6231558326227415e+00
1.6679115833767790e+00
1.9362311672430637e+00
2.0511908887541956e+00
2.0567865497257523e+00
1.4571985836188137e+00
1.8532453430074611e+00
2.2562127884213048e+00
1.2703564422756450e+00
2.1888762360885918e+00
1.8578487977580509e+00
1.9140052245439800e+00
1.6084334739532875e+00
1.9234487395884159e+00
1.2783028871209545e+00
1.7057255711948311e+00
1.6164152391021442e+00
2.2780411935178035e+00
2.3508400930221978e+00
2.0619486714064861e+00
2.5217097814700908e+00
2.2413459195310605e+00
9.2622460687237207e-01
1.2809455600951387e+00
1.5626999714907732e+00
1.8712921891258307e+00
2.1427005864967485e+00
1.9300895779253378e+00
2.1187612612622924e+00
2.0616487228289935e+00
1.6199689361981928e+00
2.3867285975118904e+00
1.9410770564181261e+00
2.4650388138138388e+00
1.5857137685131575e+00
1.4950086271516554e+00
1.6708944524162863e+00
1.3158625390555807e+00
1.8702876988023567e+00
2.6877023884750160e+00
2.1919497092971487e+00
1.9842462181349219e+00
1.9539347399898028e+00
1.9848365866960107e+00
2.0146078549245332e+00
2.1504095531972900e+00
1.4422593872111296e+00
2.1404082962913082e+00
1.7994516107083998e+00
7.4247953001734335e-01
2.5094620998930681e+00
1.6495246915757029e+00
1.0118591516164823e+00
1.8557596356564694e+00
2.1364258027303391e+00
1.4520176359733061e+00
1.6712331425198927e+00
9.3406774108974699e-01
1.9445943759969986e+00
2.1197934542859063e+00
2.2363119762186194e+00
1.9707360369751643e+00
2.9253277208165027e+00
1.9442285749278929e+00
2.1966166864310450e+00
2.2997160759831989e+00
2.0244333399009040e+00
2.5059895546483304e+00
1.3666591177794136e+00
1.5518623888287382e+00
1.6349470195081395e+00
1.4419193309837692e+00
9.5721056195613408e-01
9.3252957066850284e-01
1.3930394679132703e+00
1.6301584666990960e+00
2.0530876091501389e+00
1.4758885697456325e+00
2.1575643426149438e+00
1.5491370470114183e+00
2.1075580989522251e+00
1.6294541627597086e+00
2.4089323230379112e+00
8.2723812190543888e-01
2.0337140674884533e+00
1.8788974579783251e+00
1.6827927361383022e+00
1.8357436292799396e+00
1.7413769820570548e+00
2.5879430616850563e+00
1.6462775522858017e+00
2.0016189278158718e+00
2.4287299940768317e+00
2.2472816992840747e+00
