Вейбулла (5.0000) с масштабом 2.0000 со сдвигом 0.0000
0 50
2.0142226689974865e+00
2.3363597819831625e+00
1.5460328152188989e+00
1.4637644747960450e+00
1.5508342245640805e+00
2.0604521705148326e+00
1.6231558326227415e+00
1.6679115833767790e+00
1.9362311672430637e+00
2.0511908887541956e+00
2.0567865497257523e+00
1.4571985836188137e+00
1.8532453430074611e+00
2.2562127884213048e+00
1.2703564422756450e+00
2.1888762360885918e+00
1.8578487977580509e+00
1.9140052245439800e+00
1.6084334739532875e+00
1.9234487395884159e+00
1.2783028871209545e+00
1.7057255711948311e+00
1.6164152391021442e+00
2.2780411935178035e+00
2.3508400930221978e+00
2.0619486714064861e+00
2.5217097814700908e+00
2.2413459195310605e+00
9.2622460687237207e-01
1.2809455600951387e+00
1.5626999714907732e+00
1.8712921891258307e+00
2.1427005864967485e+00
1.9300895779253378e+00
2.1187612612622924e+00
2.0616487228289935e+00
1.6199689361981928e+00
2.3867285975118904e+00
1.9410770564181261e+00
2.4650388138138388e+00
1.5857137685131575e+00
1.4950086271516554e+00
1.6708944524162863e+00
1.3158625390555807e+00
1.8702876988023567e+00
2.6877023884750160e+00
2.1919497092971487e+00
1.9842462181349219e+00
1.9539347399898028e+00
1.9848365866960107e+00
