Вейбулла (5.0000) с масштабом 2.0000 со сдвигом 0.0000
0 500
2.0142226689974865e+00
2.3363597819831625e+00
1.5460328152188989e+00
1.4637644747960450e+00
1.5508342245640805e+00
2.0604521705148326e+00
1.6231558326227415e+00
1.6679115833767790e+00
1.9362311672430637e+00
2.0511908887541956e+00
2.0567865497257523e+00
1.4571985836188137e+00
1.8532453430074611e+00
2.2562127884213048e+00
1.2703564422756450e+00
2.1888762360885918e+00
1.8578487977580509e+00
1.9140052245439800e+00
1.6084334739532875e+00
1.9234487395884159e+00
1.2783028871209545e+00
1.7057255711948311e+00
1.6164152391021442e+00
2.2780411935178035e+00
2.3508400930221978e+00
2.0619486714064861e+00
2.5217097814700908e+00
2.2413459195310605e+00
9.2622460687237207e-01
1.2809455600951387e+00
1.5626999714907732e+00
1.8712921891258307e+00
2.1427005864967485e+00
1.9300895779253378e+00
2.1187612612622924e+00
2.0616487228289935e+00
1.6199689361981928e+00
2.3867285975118904e+00
1.9410770564181261e+00
2.4650388138138388e+00
1.5857137685131575e+00
1.4950086271516554e+00
1.6708944524162863e+00
1.3158625390555807e+00
1.8702876988023567e+00
2.6877023884750160e+00
2.1919497092971487e+00
1.9842462181349219e+00
1.9539347399898028e+00
1.9848365866960107e+00
2.0146078549245332e+00
2.1504095531972900e+00
1.4422593872111296e+00
2.1404082962913082e+00
1.7994516107083998e+00
7.4247953001734335e-01
2.5094620998930681e+00
1.6495246915757029e+00
1.0118591516164823e+00
1.8557596356564694e+00
2.1364258027303391e+00
1.4520176359733061e+00
1.6712331425198927e+00
9.3406774108974699e-01
1.9445943759969986e+00
2.1197934542859063e+00
2.2363119762186194e+00
1.9707360369751643e+00
2.9253277208165027e+00
1.9442285749278929e+00
2.1966166864310450e+00
2.2997160759831989e+00
2.0244333399009040e+00
2.5059895546483304e+00
1.3666591177794136e+00
1.5518623888287382e+00
1.6349470195081395e+00
1.4419193309837692e+00
9.5721056195613408e-01
9.3252957066850284e-01
1.3930394679132703e+00
1.6301584666990960e+00
2.0530876091501389e+00
1.4758885697456325e+00
2.1575643426149438e+00
1.5491370470114183e+00
2.1075580989522251e+00
1.6294541627597086e+00
2.4089323230379112e+00
8.2723812190543888e-01
2.0337140674884533e+00
1.8788974579783251e+00
1.6827927361383022e+00
1.8357436292799396e+00
1.7413769820570548e+00
2.5879430616850563e+00
1.6462775522858017e+00
2.0016189278158718e+00
2.4287299940768317e+00
2.2472816992840747e+00
1.8611399928946462e+00
1.9281828029263020e+00
1.7615492962245818e+00
1.8315376976462499e+00
2.0672922946027636e+00
2.0089123906306390e+00
1.7424932649753682e+00
1.9287735535918569e+00
2.1775187814523291e+00
1.6045138413060134e+00
2.2049153543788766e+00
1.9812776709617506e+00
1.7929316049554100e+00
2.1853182876936508e+00
1.5308354077400390e+00
1.9678262622231053e+00
2.3213872946197092e+00
2.1384149291939702e+00
2.0689790049460712e+00
1.3957050528976944e+00
2.6587431833564152e+00
1.8902875552961182e+00
1.3859369482666339e+00
2.1155997594498102e+00
1.2031767770553494e+00
1.4986138348326139e+00
1.9549251697524290e+00
1.8366092478909790e+00
1.8801765412091449e+00
1.9996015588014542e+00
1.8234830142183740e+00
2.1052469838413348e+00
1.3810851762653329e+00
1.7659120420179861e+00
1.6559505127065488e+00
2.2994368630722519e+00
2.1445193673354779e+00
1.8009431760711354e+00
1.4392255107088356e+00
1.9038667118717838e+00
1.3880469127585577e+00
1.6708459064407175e+00
2.0668111545690819e+00
1.8624887974466817e+00
1.7389513653632620e+00
1.9735200774012773e+00
1.8353464119811911e+00
2.2728960973125263e+00
1.6980622556772278e+00
1.6025115196004376e+00
1.1004406770930264e+00
2.3683409107097733e+00
1.7815137654477848e+00
1.1145556578322757e+00
2.0197451897232614e+00
1.9184652167742955e+00
2.0018685570609227e+00
1.6141017828747350e+00
1.8006944659924820e+00
1.5208588969506440e+00
1.9014601080940023e+00
1.3819306404347746e+00
1.5615354950219225e+00
1.9791235440110344e+00
1.4436524277102389e+00
1.8246032229050277e+00
1.3826590420870002e+00
2.6126717619438802e+00
1.8595441895876854e+00
1.6235610663717728e+00
1.2317161833286145e+00
1.6406423946410160e+00
1.5029744440372050e+00
2.0113764581294586e+00
1.9702615557437710e+00
1.7959401203574064e+00
2.2204188560404337e+00
1.8248999987849102e+00
2.2047949819169617e+00
2.1871469273315105e+00
1.7406602647338159e+00
1.6757531836074504e+00
2.0391209020075443e+00
1.1489991442989715e+00
1.9821273564081978e+00
2.1615746526130999e+00
1.6718599382879173e+00
8.6838635487462512e-01
1.7017916674659499e+00
1.9737051167714041e+00
2.5106067071735101e+00
1.7347250135590901e+00
1.9596743089114397e+00
1.4739877367527532e+00
1.5232170336433131e+00
1.2962366021378384e+00
1.7711870953927065e+00
1.6774816831109240e+00
1.8665026362777788e+00
2.0609258975433420e+00
1.1625102200390696e+00
1.8952377896961154e+00
1.5529811313048878e+00
1.6502202838787510e+00
1.9558540258589043e+00
1.8487121151270087e+00
1.9676138094198765e+00
2.2857522430205544e+00
2.5237682803659203e+00
2.0351294028194955e+00
1.8428197253742626e+00
1.6934584328396518e+00
1.6326786430191274e+00
1.9716314234481958e+00
1.5784589381380909e+00
2.0643841274086343e+00
1.9359920033745142e+00
1.8371866862033481e+00
8.8752249122533489e-01
2.9461063354622934e+00
1.5515950547947335e+00
1.9677098255973735e+00
1.6753172167477419e+00
2.4835673675482401e+00
1.6483312883841028e+00
2.0965352274414228e+00
1.7974915404403922e+00
2.2698294336179869e+00
1.8101264736924387e+00
1.4618554659416607e+00
1.9902620250332048e+00
1.4282937119284982e+00
1.5462529771760076e+00
1.8088145841889522e+00
2.2988539301759308e+00
1.4894835133115027e+00
1.7498854446394674e+00
2.0810038668290911e+00
1.3805016774585090e+00
1.8626267967403891e+00
2.3699258881480803e+00
1.0531154404711149e+00
1.4116948553756519e+00
1.9702992708676774e+00
1.8309324966713263e+00
1.8347816015508067e+00
2.1322319834987900e+00
1.5124831545944435e+00
2.4489223490621894e+00
1.7934853899870471e+00
1.8058648859293160e+00
2.0158771844710883e+00
1.8992423390882129e+00
9.3359587943879219e-01
2.4459622504271250e+00
2.0791678471996762e+00
2.1482485792955899e+00
1.6099524559184428e+00
2.0885225695726808e+00
2.0337471247461378e+00
1.7987946584235135e+00
1.6933302817929989e+00
1.8174503429776294e+00
2.6179762440222096e+00
1.7521308793758001e+00
1.7890645411609005e+00
2.1092325437415047e+00
1.5253058944512028e+00
1.8728428286671057e+00
1.6179929492914611e+00
2.1359098198421802e+00
2.2882651319823566e+00
1.6714439751803885e+00
1.9054696172990953e+00
1.7922381976305266e+00
1.5161768738488981e+00
2.0649333670514491e+00
2.0674657519694257e+00
1.5475676364780784e+00
1.8546693621191466e+00
1.1527634160119757e+00
1.7818762095127019e+00
1.6079817831670464e+00
2.1348690952870926e+00
1.3509364837095843e+00
1.0737216800528877e+00
1.2412157928036001e+00
1.2539126187347553e+00
2.5091068921403301e+00
1.5582963063256627e+00
2.0313562701179921e+00
1.5429295779033316e+00
2.3412025560441281e+00
2.3308569027649235e+00
1.9222239237477174e+00
1.5167289728550535e+00
2.5511753437069613e+00
1.8070418636964356e+00
2.1255000748757000e+00
2.2104265199623883e+00
1.9335027503238698e+00
2.6061350734436739e+00
1.5394492921880585e+00
1.8552172742885995e+00
1.4899692571503005e+00
1.1640467151368850e+00
1.5447033309362956e+00
1.5473520216454744e+00
1.5245590506089071e+00
1.9551233839163271e+00
1.7366206931200028e+00
1.5034298601504410e+00
2.5928426860615263e+00
1.6366939189260927e+00
1.6560030253172526e+00
2.0201601330855063e+00
2.4786544122521654e+00
2.3786074325561501e+00
2.4698173420461145e+00
1.7168265409505561e+00
2.2309398044461051e+00
1.7401431745230147e+00
1.2388993084577586e+00
1.4231779388329686e+00
2.0270850022160465e+00
1.4662627558055592e+00
1.3156786599769967e+00
2.3351272584645129e+00
2.3515939092116822e+00
1.8712951722572011e+00
1.3908900914323281e+00
2.2029439403982520e+00
2.4521961108872872e+00
2.2057545816510471e+00
2.0803032916269117e+00
1.8689522435024224e+00
1.7357633049506971e+00
2.1239602982033596e+00
1.7391594112579067e+00
1.4896006150629535e+00
2.3709855333486440e+00
1.9497411467945067e+00
2.9889392924083205e+00
2.2974073246103099e+00
1.7676257348201065e+00
1.9325638943442391e+00
1.3560106921862316e+00
1.8822317026294615e+00
1.6899501571256919e+00
2.6688672501597552e+00
2.7920868588970231e+00
2.5159202028586036e+00
2.2516968330443454e+00
1.2286090577574962e+00
1.4890036338526176e+00
2.2771482944056349e+00
1.6947133597460680e+00
1.8233087999998552e+00
1.6041331171893154e+00
2.1800914949777117e+00
1.4706011093623808e+00
1.3613527652589239e+00
1.6375502853829957e+00
2.2793430285847656e+00
1.7724756462831555e+00
1.4356039074590659e+00
1.3799757309437062e+00
2.0705592202849670e+00
2.3248254909913437e+00
1.4037332065995130e+00
2.0753869968410990e+00
2.0902917152489757e+00
2.5667739158884011e+00
1.5856029025708482e+00
1.5619775853110853e+00
1.5021753524368449e+00
1.9455882424065358e+00
1.6206829298540510e+00
1.4642688493347011e+00
1.1533859946411262e+00
1.4540425859597523e+00
2.0774594974917022e+00
2.1470862037884464e+00
2.0752675319114959e+00
1.1363173156443271e+00
1.7963046918086643e+00
1.1073386773655347e+00
1.2757750814727109e+00
1.9501479504828969e+00
2.1112652063189064e+00
1.9641799729346672e+00
2.1844386804257789e+00
1.9186180395411625e+00
1.5475882881650083e+00
2.3830384392382804e+00
2.0816857865415095e+00
9.5778045976172899e-01
1.8143433475822976e+00
1.0462065492496775e+00
1.9219135570218890e+00
1.4919758954549420e+00
2.1893555681067598e+00
1.4339678143033852e+00
1.4439195329002654e+00
8.4338270169473062e-01
1.3011688926614289e+00
1.9531681565207326e+00
2.1701618218354652e+00
1.4985079105940904e+00
1.8875730707534615e+00
1.9340144718573768e+00
1.8754290556072346e+00
1.6286283007147515e+00
2.5712717796903801e+00
1.6907016442655978e+00
2.0145716131554297e+00
1.4832432677121590e+00
1.7845136653226072e+00
1.9572719194103900e+00
1.5563277105250850e+00
2.4159315354435846e+00
1.5937461700977591e+00
1.6544739109910735e+00
2.3421534132741972e+00
1.6254212660533505e+00
2.2663375656837688e+00
1.6561000999281346e+00
1.9938557923138267e+00
1.4736397135864574e+00
1.2033684141347181e+00
1.8873825342657151e+00
1.6327614953315661e+00
2.0086127531603526e+00
2.2514526577147533e+00
1.5732584033523176e+00
2.5101565076718328e+00
1.5593161038834993e+00
1.0846762762095272e+00
1.2286961338236888e+00
1.4289686730649303e+00
1.9424320544966109e+00
1.9115818240273443e+00
2.4601656254469786e+00
1.9628263879651806e+00
1.9214779817202721e+00
2.2375319388288548e+00
2.2099524340581471e+00
1.5732698894307227e+00
1.4474331485215128e+00
2.2901738210689104e+00
1.3931976889565441e+00
1.9392706522441698e+00
1.7140469831736407e+00
7.5529441604995085e-01
2.4283197280769477e+00
1.7210566955901445e+00
1.7743432455593491e+00
2.1613233547500736e+00
1.4748066642485864e+00
1.3170758456127842e+00
2.4636450121985725e+00
1.4424071385442441e+00
2.1219972736389203e+00
2.2674577005173031e+00
1.7996769668931636e+00
2.4033659149130608e+00
2.4212544074061704e+00
1.5917457190593196e+00
1.7155013851109413e+00
1.6426344510683895e+00
1.8767203468750340e+00
1.3371286117679555e+00
1.8261071488166032e+00
2.0467730209186232e+00
2.2968725783457158e+00
1.5729829654117191e+00
9.4420283078469747e-01
2.0438884555920942e+00
2.3637675620273439e+00
1.7246105639353029e+00
1.2471518055317157e+00
1.3511415535061582e+00
1.9626979467456904e+00
1.5966685619679950e+00
2.3063757156785996e+00
1.9494817108114764e+00
1.7338684900955463e+00
2.1568480082245696e+00
1.3212047215616285e+00
1.2852013616883051e+00
2.1528437513005869e+00
2.2230895855066573e+00
2.3484925994980044e+00
1.6544008047664518e+00
1.9277580838594826e+00
1.8553470722722980e+00
2.1835563348126987e+00
1.9283547582393197e+00
1.1647690149566281e+00
1.6685283010382113e+00
