N(0, 1) n=400 0.3
0 400
-5.5249680696012082e-01
7.2715238932828064e-01
6.0423352564147448e-01
3.0137981932484168e+00
4.1446798021738485e-01
2.3657704949018772e+00
1.5394556451140318e+00
-8.3428239143099892e-01
1.0152580251911496e+00
1.6819892370441374e+00
-9.5064741339024772e-01
-3.0452966423635253e-01
6.6548193863984884e-01
-7.2938918527398244e-01
2.9805291293663838e-01
2.0440216966093923e+00
-1.7259197077993180e+00
-3.7989677981735070e-01
1.2904924716430279e+00
-1.1972918576136522e+00
-3.8299386715052286e-01
1.0040740281183091e+00
-5.4011844857150426e-01
5.7439860388223352e-01
-1.8745443164035729e+00
4.8793591492998761e-01
-6.4774379526104131e-01
2.1914605556165223e-01
1.2975657640826914e+00
2.4337993004483480e-01
5.4513272706725822e-03
5.4757591929732474e-01
-1.5998003465695625e+00
-5.1455585425570038e-01
-4.5268265636492783e-01
1.2984752163826399e-01
-2.6306772835070008e-01
6.7047843327688073e-01
6.5189264917094325e-01
5.8323288699655496e-01
1.0654189748249696e+00
1.7406294358217704e+00
8.5403065639682987e-02
6.5975079408030690e-01
1.2746399570268983e+00
2.9058281490658553e+00
-8.3588558536160584e-01
-1.4457420856396628e+00
3.2864531088072593e-02
-1.0739822294874961e+00
-1.9949040761409723e-01
7.2866768336300858e-01
1.6117077101810795e+00
-1.1115745352965090e+00
-1.3313098516462296e+00
4.0767460448648868e-01
1.0299018073383568e+00
-6.0299989470280646e-01
-4.0049524451291807e-01
-8.3911412706339705e-01
-2.0271691470200630e+00
-1.2721684803123037e+00
4.3001021875077022e-01
2.0098428641956025e+00
6.2948935573002385e-01
1.1999427454687289e-01
1.9832862240178257e+00
-8.3033032050237632e-01
-4.2709294083754590e-01
1.1469739171256312e+00
-9.2827918441143221e-03
-2.5180795976713499e+00
-1.4659501309025100e+00
4.0466226152159612e-01
2.0158531543274303e+00
1.0076905218218188e+00
-1.2897467743838906e+00
2.3507186296170493e-01
-2.6790256777199595e-01
-1.5165914656617943e+00
-1.7382412826514447e-02
-1.8586134318662937e+00
-7.0539183719710785e-01
1.1920028363911861e-01
-7.1643601301813364e-01
-9.0483769846949613e-01
1.4143782876634974e+00
2.2580580543435729e+00
1.5499590857548280e+00
-2.4860902972896332e-01
1.2447961584069980e-01
9.2636585761108048e-01
4.9613094070846020e-01
6.3096281447458102e-01
-7.2786636064233401e-01
1.5091843923341610e+00
6.3507634787256628e-01
2.7361137907532182e-02
-8.6936336017006033e-01
4.7037457897203275e-02
-3.3159723464230878e-01
-7.4817249488259996e-01
-9.2894158007271965e-02
-1.7253166050421875e-03
2.1642949260202444e+00
-1.7859919161942857e+00
-1.0720403485549705e+00
9.4060990158060909e-01
-7.0859940257441945e-01
-1.8337648758059395e+00
-3.0267461351581697e-02
3.1377607918642647e-01
-6.9832966693371623e-01
4.2356086472479521e-01
-6.7850497600247583e-01
1.3476067470295336e+00
-8.0613918855443778e-01
5.4047022787052745e-01
7.2483882964878829e-02
5.1652721987177674e-01
2.4110424359116600e-01
4.1207413108614699e-01
-2.4122714080814761e-01
-1.5997570328969295e+00
-7.5512596041655122e-01
8.5174960963167956e-01
1.3206238115550790e+00
3.3724182847717082e-01
-1.2174969138799960e+00
-5.8572030517664864e-01
-6.9382763940151859e-01
1.3532523628963813e+00
1.3410262438356024e+00
2.5948874442433573e-01
-8.9797441390290333e-01
3.2606255334495925e-02
1.7671237846799207e-01
-4.1168208099758430e-01
-9.9965836304239186e-01
8.1929750933079873e-02
4.8301372945979282e-01
-3.0212271616818653e-01
1.1742062982789066e-01
-4.1024419386605421e-01
-6.7935408112007323e-01
-1.2163024199256105e+00
-6.4834982934843599e-01
-5.1466803316648613e-01
-3.5109068927052439e-01
1.6623314262870643e+00
2.0727729997824818e+00
1.7317316771329334e+00
-7.2384141309062872e-02
-5.7913497815580209e-02
-2.0885726372810880e+00
5.1433426173825358e-01
-8.0435457415076395e-01
-7.5421724680767872e-03
-4.4479946372123863e-01
-3.7105172635662348e-01
-2.1426966934636338e-01
6.0573035445520118e-01
-1.0191281370922209e+00
1.6879580952655310e-01
-4.4619157586086466e-01
9.4328009011451197e-01
-9.1958887300907477e-01
3.6343311481433854e-01
9.2092606060537252e-01
-1.2378357731011858e-01
-2.1810315282476203e+00
1.0637667267578583e+00
7.6038263526686001e-01
-2.8000189474210058e-01
-8.1918152231318608e-01
-8.2156586202700421e-01
-1.7143547992793271e+00
-7.4320540836755267e-01
1.4835580337659284e+00
5.0654644976100871e-01
1.2786713372439307e+00
-5.9814561501796293e-01
-2.6817013559270492e-01
-3.2403773418585030e-01
1.1736558473180823e+00
2.0466479841053351e-02
-1.3483580950281033e+00
4.1678743438136273e-01
7.1983990134749998e-01
7.9275231524880074e-01
-8.0610041028052237e-01
1.1849817967137386e+00
-9.1301302682718521e-01
-1.1012116446311299e-01
3.7136123994909703e-01
-9.7550620729403126e-01
-5.5290176758612933e-02
7.9542932509142805e-01
-8.5025569503595133e-01
-9.9356746555344277e-01
5.8683318352389935e-01
-5.1887383488274619e-01
2.1827350116284592e+00
5.5339677050900093e-02
-3.4856043751314167e-02
6.6692612783351080e-01
-3.4692782469212624e-01
-7.9334919378433355e-01
2.3776567835885256e+00
5.3097105181488546e-01
1.6697320461015372e+00
2.3090527921018564e+00
1.4416762511869747e+00
1.7740542667581909e+00
1.4583558711039146e+00
4.8475100250759090e-01
1.1913892216970179e+00
-3.6798959025065414e-01
8.5194278182753236e-01
2.8522312946474702e-02
2.2722057164483092e+00
-1.0923006659407881e+00
-2.3592794466305872e-01
-7.3970478280715646e-01
5.4991655986899957e-01
-5.8974594481928777e-01
1.6316924049344546e+00
2.1179654631879785e+00
-1.0256554925389501e-01
-1.0392725460839294e-01
-8.4099482839283957e-01
1.1636297192308274e+00
8.3631657050357155e-01
-6.4767917388776075e-01
-8.7623002086356638e-01
2.4348767956887327e+00
1.6725006191877650e-01
7.3311345188224075e-01
-1.5239760018300094e-01
5.7745946745518362e-01
6.8666238167194460e-01
1.2725594677801075e+00
-8.0829989607376185e-01
4.5083350386359117e-01
5.3458317604136785e-01
3.0876774850052796e-01
1.6121927489910972e+00
-2.1751583470530628e-01
2.2597344934641761e+00
1.5991891309539268e+00
1.1729600421789210e+00
-3.1533603638320473e-01
-1.3676140336806109e-01
-1.6055040699188092e-01
1.6695885953469278e+00
2.4407348391970589e+00
1.1239272250621848e+00
-3.7054600382284653e-01
-3.1391389352922467e+00
4.3171649797868361e-01
-7.0931342573370637e-01
-1.2451556018189591e+00
1.2632677247052941e+00
2.0025806188821043e+00
1.1887234460650613e+00
1.9733938027353894e+00
4.2962804106296326e-01
-2.5410656032108316e+00
3.0652362783665099e-01
3.5347375021602884e-01
1.3176543528827800e+00
4.9125300996245730e-01
1.0714352653401602e+00
-2.0870971681045893e+00
4.1286792067353244e-02
-7.7043508209351763e-01
2.8729161063365788e-01
-2.2183904986056815e-01
4.9979848408853178e-01
5.1759883316778876e-01
7.2339918628775424e-01
3.6901494002101243e-02
3.5101104389042564e-01
-4.6247121616920389e-01
2.2796354391380133e-01
6.9209930354376403e-01
-1.7878093056361992e+00
-1.3649071131177296e-01
1.9330285330713692e+00
-1.0004062708555899e+00
2.8215726964431648e-01
2.2572369870279569e+00
1.3944173456930558e+00
-4.6230677771649471e-02
-7.2294577641580404e-01
1.6712451839192333e+00
1.9316084548631864e+00
1.9406676712658217e+00
-1.5616380083018835e-01
1.3871723150766764e+00
1.1559195150525290e+00
-1.2703992068878907e+00
2.5826981615293239e+00
-1.9719635452315041e+00
-8.2253511273845381e-01
-4.2109272724491570e-01
-1.8587394855859876e+00
2.0162086964228094e+00
2.1771443492612672e-01
6.8961828418734328e-02
1.2541419755290582e+00
-8.3915988895727822e-01
-7.6269004068506097e-01
5.5701958024379339e-01
-3.5086317006219025e-01
4.6492986666509301e-01
1.4549552779240120e+00
7.7321245008465300e-01
1.9095060757004914e+00
2.1751940398545382e+00
1.5859092101645498e+00
-4.5548705577120779e-01
3.8329848416429196e-01
8.6870335961915834e-01
1.1407102520752979e+00
5.5086955079930866e-01
4.6337987778555795e-01
8.4837257237639196e-01
1.6254820309749261e+00
5.6026567586238807e-01
6.3750438114844343e-01
-2.2531854571420382e+00
-2.4635799173257156e-01
-5.5633333239694960e-01
-8.9663265619048926e-01
1.2804861540132195e+00
2.2839260599230684e+00
-2.6208657022019893e-01
-7.3489302012865798e-01
3.6971513460481342e-01
1.8399544080974242e-01
1.6091630795548379e+00
2.2425504890600676e+00
1.0044528171471550e+00
7.5900782842468595e-01
1.3988864886240786e+00
-7.4338056486093285e-01
-1.5778266464304582e+00
-4.3056566787633484e-02
-2.6207134336568272e-01
1.6616241362957895e-01
2.5038124209211552e+00
2.8020321610140542e-01
-5.8085262103321422e-01
8.3151138126752766e-01
1.0280041340403443e+00
2.9743080560474927e-01
5.5471122128623174e-01
1.0357571592921555e+00
1.7097318489661273e+00
-7.8041968147363541e-02
-1.7831685516158813e+00
5.6679262418994403e-01
-1.4047783024467482e+00
5.3422174900199480e-02
-2.1772360167464870e+00
-5.5852403058091327e-01
2.2419167825013213e+00
2.3915652351049044e+00
-1.6177785227022516e+00
2.4857755432051606e-01
-8.2977624519868864e-01
-1.2702751824335357e+00
1.0170579485570219e+00
-2.1462712238140500e+00
5.2076802920119392e-01
-7.0512974935291062e-01
5.7581482453691402e-01
2.8672139505647010e-01
6.7264222470713086e-01
6.9261387232474447e-01
-3.9619333859854661e-01
9.9853434868583346e-01
3.7300813217425627e-01
-1.9638077954258679e+00
1.4585060302164818e+00
2.1363396615290287e-01
2.4627017724264655e+00
2.1557361086261914e-01
-1.8214137480816465e-02
1.2833507506628259e+00
6.2924734384158332e-01
2.3369675328078682e-01
-1.0624564258313201e+00
1.3546137028793395e+00
8.0423147747042412e-01
-2.1607188797244294e+00
-2.0127346342869417e+00
-1.4199850069986502e+00
3.8292670369964338e-02
