N(0, 1) n=1000 0.3
0 1000
-7.5288408693036679e-01
-2.3679808223388235e-01
-8.9642795510293105e-01
-1.8501575063465991e-01
1.3378637744800248e+00
1.3044454244458017e+00
1.0905690153250747e+00
8.8683768348724623e-01
4.1720064297575538e-01
7.7022049204845922e-01
3.4041991465824817e-01
1.8066863800418889e+00
8.9986236256620455e-03
-2.1677979013389431e-01
-9.3847403358310921e-01
1.0573951845243844e-01
4.4249412405455102e-01
6.8195285228347868e-01
6.7208950843057125e-01
7.7249361330808486e-01
-1.2819457371603875e+00
-5.8328287885679697e-01
-5.1511399997130414e-01
-4.9676758623169137e-01
-1.5120812380766230e-01
4.8114996003332244e-01
-1.0017198451251199e+00
1.0764297741182993e+00
1.2034495708993373e-01
-1.4181302819293806e+00
-6.7215518572866306e-01
-5.3425135876053620e-01
1.6514187968697691e+00
3.1889386559121768e-02
-1.3311748682167641e+00
-1.0651481969333179e+00
5.2995230029665630e-01
-6.3846636035044879e-01
-7.0912390834541672e-01
-1.5976597224434870e+00
3.0468621944640978e-01
-7.9931290471568661e-01
-1.1120917484697290e+00
3.4037583415095879e-01
-1.5341615026738238e+00
-1.8786851406706440e+00
-1.9272672498839102e-01
-1.4143167627313361e-01
-5.6989030531020612e-01
5.5714639164886681e-01
6.6585330003350918e-01
7.7391978013103735e-01
-6.6065412387842237e-01
-6.1414189543309816e-01
-1.8832061100733697e+00
2.8426195516502861e-01
6.9483269971589129e-02
-1.0746868605395639e+00
-5.8352121188145645e-01
-4.9341067755784385e-01
9.6154237995128711e-01
1.0742413201612830e+00
4.1719186180564427e-01
1.0159769484790833e+00
-8.4120461544161240e-01
2.0231239960018614e+00
-1.8208879998828195e-01
2.8213357407577560e+00
-4.0609578524652817e-01
6.9482549637085822e-01
2.3266566896718732e-01
-1.8779490298901025e-01
-4.6211791844963568e-01
7.2332691807055771e-01
-7.2494359061263452e-03
3.5119291397355368e-01
-5.8350174563452664e-02
9.9746092958316734e-01
7.8950769101197651e-03
-8.6561645011472355e-01
4.6788334230864280e-02
-7.7314229624291642e-01
1.4093475202826597e+00
2.5367881896103850e-01
3.6759740637226934e-01
-3.0440632988153822e+00
8.9544850107467801e-03
-1.6716435800824823e+00
2.6112460488725420e+00
1.7949945131725276e-01
-8.0769950234946220e-01
6.2703199641008800e-01
6.0734538714332520e-01
1.9227471062314015e-02
6.8162503422419896e-01
9.0487259644049778e-01
-2.5648804910006087e+00
-1.0676909175057545e+00
2.1247326952467800e+00
1.8995152839777754e-01
1.9331246747233710e+00
-7.9579188722449024e-01
2.9941009875130958e-01
1.8327186519719943e-01
1.0848649681870131e+00
-7.4774835711143428e-01
-2.9667747575384618e-01
2.7642834708365110e-01
2.7105629550971810e-01
-5.6765925651104998e-01
1.0126585773824706e-01
3.8029613734027318e-01
3.8894069042928159e-01
-5.5857976060633829e-01
-5.1930070767363734e-01
9.8409132829870560e-01
-8.2295328094654130e-01
1.6111127308118520e-01
-1.8380855991764153e+00
-4.3600244277377342e-01
-1.8080183511309011e-01
-1.6392258968103421e+00
-9.3183968734691858e-01
-2.1154369554170001e+00
4.4831109519797885e-01
2.0224601450441274e-01
1.0621184383507087e+00
-1.3436660209012106e+00
1.2077485397166126e+00
-7.6927599085445186e-01
1.8481799453254630e-01
-7.0342953482305834e-02
-8.2657332669888395e-01
-9.7982723913864622e-01
7.4330448789002479e-01
-1.1446940333447415e-01
-2.4302818133751551e+00
-2.0387005314465787e+00
-1.2347222101079816e+00
8.7614124798144032e-03
-5.3691908013921574e-01
5.5591449936380863e-02
-1.2259679933200285e+00
1.0471312171641449e+00
9.1167666473362596e-01
3.1830422063861991e-01
2.4925810766861081e-01
4.2409603667365242e-01
-3.0320469537628431e-01
1.7905606428703564e+00
7.5900942861490373e-01
-1.1470002726630819e+00
2.4526903800762059e-01
6.7653333724536613e-01
-1.1604092843011062e+00
-1.1864991862032419e+00
1.5621160766240365e+00
-1.1840033532903744e+00
1.9301004574687466e+00
6.6709995456777793e-01
-1.7465659527983919e+00
-6.6619911291318709e-02
1.0837318903155493e+00
-1.7739140844436663e-01
7.6229404105955390e-01
1.3021382635705347e+00
-5.9076067830087864e-01
3.4316250439283330e-01
7.8335377254704852e-01
1.3513024263352467e+00
8.5604656051639527e-01
-1.4294461567278739e-02
-8.3773986020768382e-02
3.3528474342338271e-01
-2.2702710566419415e+00
-1.0350650611214228e-02
6.0781276085469382e-01
2.1397676613562396e-02
-4.8727402134097686e-01
-2.4574840379842203e-01
-2.0517431813197703e-01
-1.3749960374891246e+00
1.8669431583694726e-01
-4.9633965687596165e-01
4.4569184568450931e-01
5.8048248463859053e-01
-3.8621626190402680e-01
2.5436281369185132e-01
1.9992845962193235e+00
-4.6553863619314351e-01
1.9305896595256440e+00
-3.4737344737875986e-01
1.5408222116380084e+00
-7.1152833336229449e-01
1.2879316620975643e+00
-4.2771100022845449e-01
3.9026437707019973e-01
-1.1353171930243724e+00
-6.1781652847440038e-01
2.0076169917335099e-01
-2.3759946587367151e-01
-1.7525010545780102e-02
-1.9729027100266297e-01
2.7766962512277749e-01
2.6157161308510946e-01
-1.4675770910300581e+00
-4.6174487349789561e-01
-2.9808712661013903e-01
-8.2329005161020397e-01
9.4291675022726618e-01
3.6223026822602727e-01
2.4777065823543898e-01
2.0840391310632911e+00
2.1324082163792273e+00
-3.6048130484569502e-01
-6.4273007267195104e-01
8.6495195396079638e-01
-5.1934706476104953e-01
6.6979837064139613e-01
-1.7389342490014634e+00
-5.8162203735744145e-01
4.2938311650061395e-01
-7.9184106562017054e-01
2.1401997083126312e-01
-1.4691433519147992e+00
1.2356630447809143e+00
6.0794393652036560e-01
2.2095330812750014e+00
-8.0056863871233430e-01
3.5048764001773556e+00
7.2528423828057498e-01
-4.5008142348944358e-01
-7.9291946312648609e-01
1.4412025953188803e-01
-9.7816319882816272e-01
1.6916537782472221e-01
1.1054665867179569e+00
-4.7222532872518647e-01
1.5905442394532616e+00
4.1139211216152244e-01
-1.6848022724778353e+00
2.9597576356155963e-01
-1.3056047185530024e+00
-3.1592482123158944e-01
-1.3010064203520602e+00
1.3929667188225985e+00
-7.9521432066805509e-01
-5.0850118053543203e-01
1.2275823076510521e+00
-1.7718766941610661e-01
1.9173106907656981e-01
6.4849257823614381e-01
-2.5976279969549937e-01
-4.7213485286797585e-01
-3.0109986595230037e-01
-9.6737159689414254e-01
1.8801298134586319e+00
-1.9006263702413602e+00
2.4518780123879171e+00
2.1885527815146064e-02
1.3420315184167926e+00
-4.8114122045242791e-01
-3.0264042382245249e-01
4.5474210562209960e-01
2.7885744996616224e-02
-2.9332496783378093e-01
-1.6592619412911958e+00
-2.3058815732861476e-01
4.0233497697274256e-01
-1.2117446988302780e+00
-9.0509088161995960e-02
7.3486302836384437e-02
1.3437902844747827e+00
-1.8795029234668212e+00
-3.3080265163365719e-01
-7.5867523812165272e-01
2.3145286162417240e+00
6.0618912361881350e-01
-8.6177159786310042e-01
5.3931859686980332e-01
-6.6162421393768059e-04
-5.6800969455909900e-01
4.8254536269024206e-01
5.3606310382610389e-01
-1.8667583582267424e+00
6.0661507900364009e-02
9.1939487273921405e-01
1.9701364577198233e+00
8.1206018065593721e-01
-1.1515715877525301e+00
-1.2183635122115355e+00
1.8668951840948558e+00
-1.6339937401054869e+00
-2.8575994491168792e+00
7.8974601856066848e-02
3.3962478601780194e-01
-3.3490640515028486e-01
3.2477160045459275e-01
-8.2416175542688086e-01
-2.0704275353244031e-01
6.8742462796971326e-01
2.1557040805378502e+00
-1.2559435352518730e-02
1.4229022627819732e+00
-2.0630969216873356e+00
-2.0706958345311532e+00
-5.5884601149881052e-01
-2.8812473082838652e-01
2.0012597961991874e-01
-1.2619282203738547e+00
1.0106559982154253e+00
-2.0580652024579177e-01
-2.0325525809930065e+00
1.2002953540686874e+00
1.3731674098409994e+00
-1.4045748783821401e+00
-1.6544913364986072e-01
-4.2600261976875409e-01
1.1305071093484400e+00
1.4420052105213493e-01
3.6809192362785492e-01
4.0607597326687178e-01
2.2160043177699432e-01
-7.0406387724091068e-01
2.5839620799870948e-02
-2.0344043586975866e-02
3.4270977931519303e-01
-1.2355773642085559e+00
-6.7854242456257219e-01
1.1885234850231614e+00
-1.1238746768108714e+00
-9.5691474947551425e-02
-8.7618969061969165e-01
6.5246943038725946e-01
7.7821468984262487e-01
-1.4123011649862949e+00
-8.4429690371456256e-01
-1.3298168762158344e+00
6.5070286129871224e-01
1.4331783564721055e+00
-2.2274180642161132e-01
2.1660950262188514e+00
9.1847738961473913e-01
2.7632226904520141e-01
3.6425753566485403e-01
1.3558427443073338e+00
9.9356651138945751e-01
-4.2448423105077415e-01
-8.1671887476570870e-01
-3.4262607292035446e-01
4.6742856949716688e-01
7.1832735997025865e-01
-2.3419105960017894e-02
-1.0706726365363783e+00
-1.2533086021180493e+00
-4.2379058960412830e-01
-1.4147835647550890e+00
1.9671363836841155e-01
-1.0241379977532070e+00
1.4670475735215582e+00
1.3254220705856867e+00
-8.3095581070177837e-01
5.5048100136361348e-02
-5.8472441748488913e-01
1.0447695404223396e+00
-3.6004446715738675e-01
-8.6356422350138728e-01
-7.4754148158652634e-01
-4.2493805257225375e-01
-3.2465702553003961e-01
-3.4141963607353532e-01
-1.7049487987307406e+00
1.3517067511034173e-01
6.9406256356835094e-01
-2.3380007124808352e-01
-6.7980456688562274e-01
-3.2494636993994003e-01
3.8936039616679635e-01
-4.0713377581122207e-01
-1.1222297912282095e+00
-5.8198722212132892e-01
-1.8111582200149839e-01
5.8749313641334988e-01
5.4483629196812683e-02
1.1386622522107528e+00
6.7433107341834242e-01
5.1700861826512923e-01
-2.5697251380573738e-01
5.9334762195766699e-01
-8.9576111038870976e-01
1.0840931309004079e-01
-1.8455637532876663e+00
-3.1124478309223019e-01
5.2367898392727208e-01
-1.7375869868349331e-01
-2.9273885425572715e-01
-3.9551421193660896e-01
-9.3920227315365512e-01
-4.0275607866567936e-01
1.1322143935162851e-01
2.0189372711718964e-01
7.6087564506670313e-01
-7.1261423975661886e-01
3.9851762741423569e-01
-1.1095654409625356e-01
-1.2521947117438643e+00
4.3549187473188067e-01
-3.4921307649097205e-01
-1.0002853043887026e-01
-9.4861195436717372e-01
-4.2487663000207988e-02
-1.5366532157421967e-01
-4.7857131434573419e-01
6.8070524035886948e-01
5.1374399298809847e-01
-8.5169452770910170e-01
9.1200064337384246e-01
-1.0034476647380457e+00
6.5338372553905821e-01
-6.7272033280504406e-01
-1.5745676395764069e-01
-1.7710256819258294e+00
-1.6215487729328815e+00
-6.8502905233983491e-01
1.3300817435974726e+00
-1.5739116205186150e+00
-3.0596619357993415e-01
-1.0398388282949194e+00
2.0088132829715866e+00
2.8712185713710586e-01
1.3590016952387887e+00
-5.0893930723593772e-01
4.5299680063523073e-01
-1.1497842068489106e-01
-6.7948930073771752e-01
-9.6955923386265064e-01
-1.6686137629912077e+00
-3.9264600677509592e-01
9.7034782367781802e-01
-2.8707054666378207e-01
9.6238838419732214e-02
1.5055198729354560e+00
1.2978782416167802e+00
4.9770965935230238e-01
1.4466183976406506e+00
-1.0749895676429728e+00
6.4870723703769251e-01
-1.1970266734012354e+00
-6.8374712818773320e-01
2.2536651782029198e+00
6.1635292888339221e-01
9.8243754649587078e-01
-1.0718678253397579e-01
8.4679236554830783e-02
-2.7557158156662425e+00
-3.5761180710347873e-01
2.1137375177796983e-01
-9.0474561101325168e-01
5.3426569547727520e-01
-6.3939766050136149e-01
6.2542154933108984e-01
2.6827292435346206e-01
1.1844208955842712e+00
2.9359156042074486e-01
8.6108987412040636e-02
7.2941399579805755e-01
9.7608891652117558e-01
-2.6799939756223351e-01
-4.8588872142544809e-01
5.4211718343156634e-01
-1.9189540739731941e+00
6.8422589456040062e-01
1.2772001279983536e-01
7.8420621714730976e-01
-2.1298054515093399e-02
6.8338341689069848e-01
-1.7015585636366874e+00
7.6596288606662366e-01
1.0321245203611609e+00
4.2292376567933465e-01
7.5476363993722084e-01
4.5210797435764971e-01
4.9680605090544622e-01
-1.1431839443748595e+00
3.1775305792641255e-02
-9.0505752978531540e-01
2.4497673255374336e-01
-6.8728191036372122e-01
1.5141037243507760e+00
-3.4597227190272051e-01
7.5407818598431076e-01
-9.6720620787691203e-01
2.4710228006504895e+00
3.4280493599338463e-01
5.2290809504299107e-01
-3.0881906042103158e-01
6.9126268640039013e-01
1.2396357205788151e+00
2.6972139946199353e-01
-2.3617028732090657e+00
4.2145771720347674e-01
1.3211242977800934e+00
1.1850154897227984e-01
1.2591486344849261e+00
5.9934640065196754e-01
4.4113501412438566e-01
-6.0416260600416594e-01
9.6656871584385484e-01
1.1339843735663775e+00
9.0508443995789764e-02
-1.3493544116595419e-02
4.5595673618761889e-01
6.3097077867550833e-01
-9.2083275102003259e-01
1.3245951419969465e-01
-7.9906884401880207e-01
1.5509523335278994e-01
6.9187501530262829e-01
4.4383020958090885e-01
-1.2760741544117846e+00
8.9708781050481390e-01
3.4874462710115078e-01
-2.1097814259934816e-01
9.4879348465472779e-01
-2.1020332454307638e+00
-5.9874663726842181e-01
1.1712218350472903e+00
-4.1318421701768671e-01
2.5817273448375793e+00
1.2348415452024442e+00
1.4527998987458619e+00
3.2857485102211231e-02
5.5330083553536136e-01
-3.0272127783087235e-03
1.5051566874104296e+00
4.9004337798877612e-01
9.8356129428333039e-01
-6.1385956126688546e-01
1.2224394318659531e+00
1.8911667101341105e+00
8.1545567647586914e-02
-1.0560437264571729e+00
9.2156488119010338e-01
1.6894676187199451e-01
9.9491968587447455e-01
3.8903497552692684e-01
-8.3949053904422388e-01
7.4554699544035419e-01
9.6274776486745472e-01
2.3209707432778021e-01
-8.0322118486868854e-01
-2.7460339179094334e-01
6.5597952557416839e-01
1.9694792132499700e-01
1.3488872848850317e+00
1.8341511085535287e+00
2.3537206621725099e-01
-8.7870420760975831e-01
1.8193845245150815e+00
7.1944442083664484e-01
2.1377428858144110e+00
1.2083010822063560e+00
1.2447959587013848e+00
1.2271683732292609e+00
-2.9011981654105251e-01
3.9311749581913700e-03
-2.4484492978569916e+00
1.1298242539555463e+00
3.2577807976890955e-01
5.5538334623660639e-02
1.8655381204278907e+00
2.9086653811576979e+00
-1.5743230673658755e+00
-8.9208293074504419e-01
1.6848043484368267e+00
1.8243670192038892e+00
1.4411477431767767e+00
4.2237065972852844e-01
7.9002923786583734e-01
8.6744626649515477e-01
7.9469206322862829e-01
5.1320236369264116e-01
-5.3915127900908955e-01
-2.9603507076257213e-01
1.4642499869173775e+00
2.2698959968181615e-01
5.5491396790067449e-01
2.2006571251895136e-02
-2.2875169585856350e+00
-3.2457049323434717e-01
-7.2372867910972627e-01
1.5088981119138125e+00
1.5884433618637814e+00
-7.9715290582110365e-01
7.4566673885904788e-01
1.1334699192645707e+00
-4.8417444000408566e-01
5.0568782632184939e-01
-9.0032059746779003e-01
1.6923236808226334e+00
6.5431228755100990e-02
-1.4054037162715969e+00
-7.6486496536903159e-01
-1.0725875414158648e+00
-2.1548269305983725e+00
1.1262147065005221e-01
-3.5280619423039650e-01
9.4113013931161282e-01
1.2731048212956069e+00
7.1364051960180075e-01
1.4870574859303234e+00
-7.2661458771512100e-01
4.3277853193251320e-01
-4.5346422800352104e-01
-1.9410176987441019e-01
2.7958849345849179e-01
1.4317566036907885e+00
4.0144830763196693e-01
1.7529979797843717e-01
5.6313718413021074e-01
9.2422885033427438e-01
5.9421726064070601e-01
-2.1232138820919710e-01
7.6097402691759763e-01
-3.8176489999564189e-01
-1.5063144373752658e-02
3.3538288042965003e-01
-6.7098667914495358e-01
7.7390095753225530e-01
4.1178630457214316e-01
2.0689704236670594e+00
4.6438252612152009e-01
5.1882130907927981e-01
9.9707317352486757e-01
8.3153689812234832e-01
1.0654696706404225e+00
8.2164547512219341e-02
2.1450140297404463e+00
-9.8104769432154637e-01
2.9658181227776587e-01
-1.2218030900097354e+00
-1.3886053102381295e+00
3.9371816898023576e-01
-3.0951476460090016e-01
-3.8250613204277811e-01
-1.3292436258887510e-02
2.7098449567810928e-01
2.3447956761218285e-02
4.7062144103936134e-03
-2.2850349149740029e-01
-4.0007975428754777e-01
-7.2118812529927834e-01
5.9978803121269508e-01
2.0696779378658431e-01
1.1670247325063634e+00
-5.8560117439711468e-01
-4.4132367923545823e-01
-4.6632438457017228e-01
8.2812760932644003e-02
-1.8726037030815459e-01
2.3119548714262614e+00
1.0205506608893566e+00
-1.9054918092341130e-01
1.6206862235211623e+00
1.3448151113839635e+00
-1.0854694608988427e+00
-2.4246776412324081e-01
2.1293845679916217e+00
1.8856981988556334e+00
2.7123735059676402e-01
-3.1608898897098553e-01
1.0299838872915357e+00
9.6917027815768764e-01
-2.2836778163527263e+00
1.1870397934006642e+00
1.4629357770242228e+00
1.3049085799999125e+00
1.5186526594081089e+00
1.4586371542482601e+00
-7.3286330285475404e-02
-6.4659722422926635e-01
-1.3178373440788591e+00
1.8328542950395976e+00
2.1460287623523977e-01
1.1565366406617181e+00
-1.0549786341316985e+00
9.0221463381007050e-01
1.7292043549209197e+00
7.6597056531515417e-01
1.6401100429338900e+00
5.5444263965131257e-01
-9.2025906532140345e-01
-4.3466975224147053e-01
1.4204959040534149e+00
-9.2388211067242720e-01
1.3926524895763341e+00
-6.1228720785386181e-01
-8.0811018450465538e-02
-9.0825677089652146e-01
1.2006558803812921e+00
-5.4579555695249027e-01
-5.0845216981911440e-02
4.7327658385512217e-01
1.0415253474180641e+00
2.3471324887129503e+00
3.0190562526673664e-02
-1.4849689431219157e+00
1.9300826390378043e+00
2.4949170546800326e+00
2.3105608873986058e-01
7.4834627777873086e-02
-3.6362948685466551e-01
-1.7866667618201482e-01
6.1429635951893297e-02
-3.8656559645545213e-01
5.0561969528239137e-01
-1.2420527250982964e-01
-2.8441454758374290e-01
2.1199791386487515e-01
1.7136837602840260e+00
-2.6852771842895456e-01
-2.2677957237089624e-01
8.2084071198175224e-01
-1.4582745818243130e+00
1.6736198560820665e+00
-2.5799550773319646e-01
-3.3112975001596945e-01
6.2855655636811592e-01
7.7121208821406995e-01
5.5646785180081426e-01
1.6327974761574440e+00
8.8559562535182601e-01
8.5479428970492577e-01
8.1068030813683822e-01
1.2396686323835426e+00
-9.1350446387057516e-01
7.4978677915015834e-01
-1.7516941824514356e+00
1.6985984407484391e+00
1.1563338696363330e+00
1.8451989992815414e+00
7.9150073191271653e-01
1.2851884322082567e+00
-4.6392703022438192e-01
4.2419785493582646e-01
5.4876248209537581e-01
3.5375028709299045e-01
1.2015565227836336e+00
-8.0562698895301255e-01
-2.1468624634422856e-01
-4.8367262368658659e-01
-3.6338351066877594e-01
-8.2657566097752189e-01
5.6755009568182957e-01
-1.2342641085786279e+00
8.9665670450911583e-01
6.0842103671014713e-01
2.9099965345870671e-01
3.7053159625860332e-01
1.4005967075757744e+00
-1.0202436328237501e+00
1.1797829756107201e+00
2.9505721816272894e+00
1.0142061486109433e+00
6.8430493954057425e-01
1.4660933743143363e+00
-4.9430622440663474e-01
-6.0968966736710473e-01
7.5142395485157854e-01
-1.1164877736418266e-01
1.1876956411672691e-01
2.5587024598486843e+00
2.4072754532203473e+00
-4.8623518056674242e-01
5.8409978063578916e-01
2.3563420331092813e-01
1.5933892800395986e+00
-4.3170516159325684e-01
-5.8370829789532386e-01
-9.4658599884682237e-01
7.6629823462707147e-01
-3.2207763669566170e-01
2.6310839236578848e-01
1.9287094479226874e+00
1.5450419916315445e+00
5.1279514307040208e-01
7.1982493573896722e-01
8.5629832838644382e-01
3.5306971155655309e-01
2.6024087486767961e-01
-1.4180079764417679e+00
4.5168858730856737e-01
1.2207068561372330e+00
6.6370902661599263e-01
6.9331320218503412e-01
1.3460233023234788e-01
4.1107575830831133e-01
3.6068213360245727e-01
6.5248029852850731e-01
-3.3797649448369493e-02
1.0623625161569064e+00
1.3822164267066499e+00
1.5945787061869883e+00
2.2746061257555787e+00
9.6309288786693237e-01
6.5449743348953815e-01
-6.5768003550321597e-01
-1.5853462787987636e+00
9.6932871820279309e-01
-2.4576085340567808e-01
-7.3343038826826301e-01
1.5943149594136205e-01
-1.6286078642535555e+00
2.0191973584774354e+00
1.3995905654600678e+00
-8.0877812497383583e-01
-3.8935772450193190e-01
1.6796915573419568e-02
-9.1700598618817131e-01
5.0298178624170176e-01
6.0883049001569989e-01
1.5101887039877687e-01
1.5829888794609586e+00
4.1331844625021423e+00
-8.9016775280630212e-01
3.7404237406203689e-01
-1.5692003320659031e-01
1.0560658969323875e-02
9.3022305567486738e-02
-6.1901160009835976e-01
9.8422490624519099e-01
-2.4079919138178416e-01
2.3000002304255759e-01
2.6306810215997695e-01
1.6818803333786159e+00
3.6294138853558283e-01
4.2706191561364037e-01
6.4683670962594086e-01
1.0933257905205376e+00
-1.8971287655838340e+00
1.3380415415004776e+00
7.1877272393009256e-02
4.2184667377668156e-01
-5.3495306526710029e-01
1.1250739252406956e+00
-1.1029697703394405e+00
1.7615705886350594e+00
7.8821050507511936e-01
1.8479120253020849e+00
3.9665262598348849e-01
-3.2643886641242914e-01
5.9117992832412636e-01
-1.6080073296655167e-01
6.8385634864714429e-01
8.7578624261709148e-01
3.7035145555577721e-02
9.5919656699381184e-02
-1.0751955348812528e-01
1.5090984871579740e+00
8.1506620753564496e-01
6.1006258526682844e-01
2.0304530672851653e-01
7.5018123877821086e-01
-1.0880241532097330e+00
-1.5693933078741547e+00
6.3886747633958896e-01
-5.4142074372784044e-01
1.6973381528637292e+00
-7.6986127539080573e-01
1.5800398205360069e+00
8.2359903476923568e-01
8.5494416010291674e-01
-3.6875398873767573e-01
-1.1978296426571102e+00
1.7537896327502203e+00
-3.6577570958926742e-01
2.2848691726204182e-01
1.6440255827566413e-01
2.6486546407913780e-01
1.5239710460181255e+00
1.1145916310664139e+00
3.0983749226939885e-02
2.1667075639009001e-01
3.5805094652679750e+00
2.2508839892486669e+00
8.1114352240026541e-02
3.7091076865375588e-01
7.8425207024048327e-01
2.6550632641629699e+00
2.7105927347612275e+00
1.0932871821343262e+00
7.9005723506887171e-01
-4.3718547718461070e-01
-3.5282243267900798e-01
9.6266465562944081e-01
-9.9361062595462721e-02
-7.9662992090795348e-01
-3.3362997196098759e-01
-9.9829357621243706e-04
4.0872864376182677e-01
-3.6910246761105764e-01
-2.9875157101174205e-01
-2.8618781467543458e-02
1.2922914971743724e+00
1.5062935715925294e+00
2.3466478120508980e+00
-2.1473972222284532e-01
7.8643792700728876e-01
1.4094920431126838e+00
-2.5858911352674210e+00
5.4585049485036086e-01
4.3664159033111011e-01
-5.6683709209905597e-01
-4.5642923449825640e-01
1.4007412647595971e+00
-7.7513567681819784e-01
-1.7259404559949114e+00
-2.2443898279897966e-02
1.3093954601394057e-02
6.2089026367194888e-01
1.4585023378029220e+00
-3.4732334498448025e-01
-7.6313907289407634e-01
4.0373632166744211e-01
-4.2419800136611779e-01
-1.2815474801933663e-01
1.0126976863653785e+00
1.2926128054428632e+00
4.9048518336529817e-01
-1.2969739862803416e+00
5.1773343297272612e-01
-6.1326141845415605e-01
-6.1894554833773430e-01
3.7906779790760325e-01
9.6494512604928995e-01
4.6988882316836533e-01
3.5582356059837694e-01
-8.0318993117258120e-01
1.1518352371611749e+00
3.9834784789886180e-01
1.0833991348120080e+00
9.1869366346284653e-01
6.8038060747752604e-01
1.2434716440361930e+00
2.2092266822888904e+00
1.2490521322110823e-01
-6.2403964883578696e-02
2.2203728742488109e+00
-2.2464022996044246e+00
1.4691657971479859e+00
1.7658490657594130e+00
9.5802144516085608e-01
1.3077439101645074e+00
8.9627143848159974e-01
-1.9499343081084854e+00
2.4280989911779951e+00
1.3529293400796887e+00
-4.2482146208494681e-01
1.0285482580725129e+00
1.6069267029892975e+00
5.1022180160527653e-01
1.0868575321787632e+00
1.5798085104153059e+00
-1.0619604836755736e+00
-6.5261521258023081e-01
1.4417335027267759e+00
-1.1451645087523137e+00
3.8652261823588618e-01
-6.1047997746311589e-01
-2.2479385071501836e+00
2.1547588582158275e-01
-1.3552763536172704e-01
1.8215321069731818e+00
-2.3257223261948143e-01
1.6143631909655695e-01
-1.8331564820695137e-01
1.0340972264274251e-01
7.3005912707257248e-01
5.3417043658453112e-01
-5.4376236550754720e-01
-9.2436125644822664e-01
-8.8861007593833097e-01
8.2997895794305654e-01
1.3699183597524558e+00
-1.0422895105894041e-01
-8.1507627124121151e-01
9.6808189194345984e-01
-1.2913475031321899e+00
-6.8586972205773622e-01
3.5591194992719677e-01
-7.3263404603123283e-01
5.1590421849643153e-01
-3.5625891412534105e-01
4.2125072004240033e-01
2.1546206778122959e-01
-4.7908995558059053e-02
6.2183462708193971e-01
7.7702786550232594e-01
-2.2727402809010691e-01
8.7891718437567579e-01
