N(0, 1) n=600 0.3
0 600
-1.5718622305979999e+00
-1.5095340363914107e+00
3.7216796727127172e-01
4.8177967878835659e-01
-5.4835978082959647e-01
-1.3015073524921408e-01
1.1940178053104240e+00
-2.6917616698816373e+00
9.7371542030101221e-01
1.4123665650655981e+00
-3.1185170441534948e-01
4.4300487636168416e-02
-2.0598524697165996e+00
-1.1936007692046839e-01
-4.4599282331427109e-01
-6.3504603182250513e-02
1.8355967718469432e-01
-8.8596475323080015e-02
-7.7770863597089779e-01
1.3774183502999584e+00
-4.4254013498311229e-01
-7.0403186832214126e-01
-1.2188381970092435e+00
2.6354304853544969e-01
1.6215020376750373e+00
-9.8416951555330734e-01
-1.2585969012037393e-01
-1.6415818380777645e+00
5.0134460825998362e-01
-7.0317962521065691e-01
3.2325482566021830e+00
2.8915473921345886e-01
1.1687444473800950e+00
3.6965260506281639e-01
-1.7109331013858642e+00
9.8190163783834938e-01
1.3488222386280233e+00
-3.5731689893154150e-01
5.5049579745791422e-01
-1.2510532698738643e+00
1.8621525975415198e+00
3.1818336135008418e-01
-1.2808597969174829e+00
-4.1125087394632653e-01
1.6148317652164049e-01
1.0366643144810431e-03
-6.4213965135507944e-01
6.4444549273264473e-01
-8.8587485325900772e-01
1.1622390491980938e+00
1.1239637352246659e+00
-2.7047296923980396e-01
-1.4100846957774475e+00
3.1957039558538958e-01
-1.5160504895028561e+00
-6.3918311627751634e-01
-1.9159157462165774e-01
-6.5479335820420081e-01
-1.6926620738925648e+00
-1.8025035594471081e-01
-1.1791499390015410e+00
8.0153696031975086e-01
3.6909629128630905e-01
1.7467005002313991e+00
3.5837155449995489e-01
-1.5212185152742883e-01
1.8938589871026854e-01
-5.3496079922291406e-01
-3.1528283974910393e-01
3.3579020068367904e-01
4.0133142762097385e-01
4.2000178374630187e-01
-3.9624116918946589e-01
-1.1702480155697297e+00
-1.4646792110742310e-01
1.9083776648377446e-01
1.2163012582117507e+00
7.7891800850745174e-01
-1.6930559720109720e-01
-1.8099283502738224e+00
-4.4114504971671087e-01
3.8854700866934744e-01
2.3809365799187843e+00
-2.6197239537605899e-01
1.9590981276759651e+00
-1.0396805630198125e+00
7.5447987244018988e-01
4.1968263987736384e-02
7.1661211020996346e-02
-5.8803299153889899e-01
1.0272957270547323e+00
-1.1857532678161031e+00
-8.7453132730930838e-01
1.7303408643838967e+00
1.5287285662927843e+00
3.2217634211499513e-01
-1.3731277684219226e-01
-7.2450799762400153e-01
-1.6268256720920033e+00
1.0035861736299541e+00
-5.8926974611258420e-01
1.2429689613620696e+00
-4.5618424475813524e-01
-1.4542125469608375e-01
-6.7289476355544386e-01
1.6857847772549133e+00
-1.2518358347845406e+00
-1.8880687094247122e+00
5.2851856565017730e-01
-1.0946887386934070e+00
8.5336736154781834e-01
-8.7132800988281223e-01
2.8381055147614459e-01
-1.1149495715925730e+00
-1.4610857516046099e+00
5.6633253208786960e-01
-1.0477509752981922e+00
-7.5318013268279527e-02
1.6011417438406642e-01
5.7816264431658415e-01
1.0089485820919524e+00
2.0309616541843950e-01
2.1626336429735882e-01
7.3306323686962471e-01
-1.5796458938384015e+00
1.0923576690175474e+00
1.6902119830351792e+00
1.4229450189407089e+00
7.2735792611964900e-01
1.0764336346322685e+00
-4.1656754648759658e-01
1.5615434988837104e-01
1.5226577026300128e+00
-2.1735617585482432e+00
-7.7171049125999569e-01
7.4649975160070381e-01
5.6793076085007232e-01
-5.4580939484223948e-02
-5.2187956841551753e-01
3.9857531350669266e-02
-1.2816147150239467e+00
1.0604915645339081e+00
-2.1018641744630534e-01
-7.4787363187013317e-02
-5.4607552236219115e-01
2.9792793800597567e-01
7.5094583560296979e-01
6.8248088761973325e-01
-7.1272484542636394e-01
1.1150109794688210e+00
1.2940381712184490e+00
3.6948472678556549e-01
1.1547241125281762e+00
1.4199073057883174e-01
-1.3494339585606014e+00
-5.9336271443849042e-01
-6.4685782090807920e-01
-1.9383684081196606e+00
-1.0064142322298706e+00
3.1107921958639131e+00
-5.6647856783617490e-01
3.7487277441543682e-01
3.1360269816318453e-01
-3.0677137887775258e-01
1.4215522365266799e+00
1.4220574290758903e+00
-9.5204736942818868e-01
7.0759951396140630e-01
-4.2936924820488531e-01
-8.8501706662555335e-01
1.0138305027159600e+00
1.8112829373064738e+00
-7.5006174107529500e-01
-1.0223739385354484e+00
-3.2537344341862453e+00
-6.3126068615445130e-01
-1.0820329273180612e-01
-5.0493988835468462e-01
-4.8270055909191190e-01
-1.1376936642433146e+00
5.1555404343042210e-01
-6.2980560860581136e-01
9.8448454764956883e-01
2.4490115558736389e-01
1.0594645168624249e-01
-9.4502073286739230e-01
-2.3269583791200001e+00
-1.0118766922635498e+00
2.6771242301047155e-01
1.7516468541539553e-02
4.0068201322114327e-01
-2.4434319519054797e+00
1.1864515075756683e+00
-1.5642301719408673e+00
-6.7319425051787041e-01
8.8227827202128128e-02
-4.2222083696918422e-01
4.6180154412843011e-01
2.2789324481145687e+00
7.1663447161730298e-01
-1.2326938909325236e+00
-8.6427254543859700e-01
2.9672677009857801e-01
-1.3634048198013213e+00
6.4863560107410456e-01
7.8290555381313998e-01
6.5367071721997172e-01
-1.8035422602378397e+00
-5.8344852103789158e-01
8.2537305006346470e-02
6.1965307227001476e-01
-1.7305750621775087e+00
1.7783361403195201e+00
1.0877333142074737e+00
6.9678835476457612e-01
5.9756780878684368e-01
8.8734811002976444e-01
-7.8864470435343059e-01
1.9635302868498314e-01
-3.5621434262252716e-01
5.4045966735897077e-01
1.5682836993743448e+00
-2.3686085069716289e-01
1.2104869204421791e+00
-2.8805422082246401e-01
-1.2532743005336258e+00
1.2294042330431718e+00
2.3998180539176667e-01
4.7187033991714873e-02
1.9758566309321428e+00
1.5316100590656592e+00
8.6929334851260176e-01
-4.8333306703206946e-01
2.0357217254018239e-01
1.8238718075735558e+00
-1.2564255588067270e+00
-1.1246801682857059e-01
-7.5830595717667637e-01
-4.6350227392236355e-02
-1.4031390337079166e+00
1.7205170734778708e+00
1.1514844911668023e-01
8.0566805792299934e-01
1.5868533611493456e+00
-1.9034660928068206e+00
7.7499076333446448e-01
-2.6733211548719766e+00
-3.4004627480050809e-01
-1.5727303109876695e-01
-1.8476209655371310e+00
-9.3618394602568822e-01
2.7702799621382795e-01
8.3367846924332767e-01
-1.8968040478138117e+00
-6.7862420902566589e-01
1.9128695935575532e-01
2.2386158314333618e-01
-8.2247152146246327e-01
-7.2917918417317251e-01
2.7748668828584366e-01
-7.3733573409554359e-02
-3.3574421201497118e-01
1.3639953563525571e+00
-1.6442081578090528e+00
-9.2375970171479005e-01
-1.0444372801261410e+00
1.4040899974115714e-02
-4.7437731186165849e-01
2.8510387555715591e+00
5.9766253720929852e-01
-4.1157687862327530e-01
-5.3872184100632359e-01
3.5640618402588958e-01
2.6709216752275045e-01
2.0638461012346324e-01
-2.3831441437034168e-01
-3.2654632340891759e-01
3.3880195499912680e-01
-1.1727821916223924e+00
2.1311350306151988e+00
-3.5634932772505395e-01
4.1897693774383066e-01
-6.1504546910333546e-01
1.0428765256014536e+00
1.4744589430329691e+00
-8.9501705489480876e-01
-2.4931512314454596e-01
-2.7227440281728071e-01
2.9344959973981638e-01
-2.5059291069640399e+00
1.5512174894984598e-01
1.0249029262778575e+00
2.1791745676590432e-01
-1.6021046029756819e-01
-1.9807495358291721e-01
1.2025896436525319e-02
5.9767703077930978e-01
5.4041910977755028e-02
-4.0309624614740869e-01
-7.6798963169820522e-01
2.6443511723636381e-01
2.9715219101038082e-01
1.7087003956824562e-01
-1.9020012335381518e+00
-3.6828342305076217e-01
1.8383349030025955e+00
-1.0258460181455689e+00
2.0319928667048357e+00
-6.3920455928122633e-01
-3.9441514766569635e-01
-4.9626883128840010e-01
1.1984401518193499e+00
4.7390830268356032e-01
1.0072051100997090e+00
1.9434719541241949e-01
1.6313907988912133e+00
-2.6399512957359561e-01
-9.0805686688541865e-01
-9.2667120619348675e-01
-7.3752555569288580e-01
1.5757106550891482e+00
1.4169526282582384e-01
1.1166909952006039e+00
2.7902141952211257e-01
5.5390943729210573e-01
-2.3664407982877163e+00
1.4840052534402313e+00
2.4830672079182836e-01
-5.6173667585585740e-01
1.0930115834510203e+00
-2.0292087552833069e-01
-1.6332926173542250e+00
-1.1448291536340069e-01
2.4034288353899580e+00
-8.1496015631796614e-01
-2.6725823029768531e-01
-1.3036947523470837e+00
1.4783829592028297e+00
2.6287041647236631e-01
1.0808049485284446e-01
-7.0833071992199181e-01
-8.1220255648669831e-02
-2.3236301498564021e-02
4.2910981312770519e-01
-2.5294746586233297e+00
2.8246711476971947e-01
3.6689226028385562e+00
-1.1181388926259066e+00
1.6115040510200358e+00
-5.0409099937861690e-01
2.4166652725445351e-01
1.0767908287799993e-01
-7.3235238652027163e-02
2.5548401563936513e-01
4.4931996100275162e-01
-9.7639663408369340e-02
2.4241213927170615e+00
1.8012168613516235e+00
-6.7702630459118018e-01
-1.6830214260442027e+00
1.5304685241132598e+00
4.5924055494841007e-02
-1.3800882067237268e+00
4.0009818851869261e-01
1.0272800393191235e+00
-1.5011480498657817e+00
5.3803913055047337e-01
-1.8569222087508361e+00
4.2135974810012328e-01
-1.0393489988317349e-01
-1.8604387083517202e+00
1.7140602811682620e-01
-1.6565250197857599e+00
-4.9478100570716838e-01
5.3239899407236024e-01
-8.1167905907410387e-01
-1.5757652056985036e+00
-2.6836067350331709e+00
-6.5782057146860229e-01
1.4456482906243182e+00
2.1783142195566558e-02
-6.0479284781020859e-01
1.2337427398787395e+00
1.4078847631129771e-01
1.6755520871462617e+00
3.8986600115165704e-01
-3.0094023857681118e+00
1.2141082029717831e+00
3.4879723537293261e-01
-2.3451872527924169e+00
-5.1034745852224639e-01
1.1027025663872900e+00
-2.7113307431541882e+00
1.0901609788566342e+00
2.3398884736148569e+00
-1.1139337670956935e+00
1.2270500747882271e-01
-1.4932594095680050e+00
9.1932462278165081e-02
-4.9262997050781759e-01
8.7953833390330227e-01
-5.8210717052771688e-01
3.1606589961097692e-01
1.2724556469536568e+00
-9.9661598120618566e-01
-1.7808643223986170e-01
1.4465152679104515e-01
1.3603660701943852e+00
1.3901418188096271e+00
3.2249516214503837e-01
-6.2038046719298601e-01
-6.7158125642123789e-01
2.0541900913244255e+00
7.5507567692242195e-01
7.2510877415219877e-01
9.0692376276109898e-01
-1.4178179218926932e+00
1.2823819942993109e+00
-1.1311627115105631e+00
-2.2593250463006651e-01
1.4298650778132953e+00
-1.8973275185168710e+00
1.8012623324721500e+00
-9.0307176351140839e-01
7.0108834676793275e-01
5.2196688445805062e-01
1.0035577271413842e+00
-1.2230465909702861e+00
2.3034540929218066e+00
-1.8544010893855372e+00
-1.0923707829697609e+00
9.8038215348408519e-01
1.2141693236756839e+00
1.7962692195644878e+00
-1.4373597099211622e-02
-2.9460085259006130e-01
-1.4891084888835932e-01
-1.2813236374912511e+00
1.6604810428270163e+00
1.0855429757465573e+00
-1.9340627943178806e-01
1.0848283437081601e+00
6.0821308649110717e-01
3.7313029562917738e-01
-1.7405638949972384e+00
-4.9304681750529566e-01
2.6042737497409134e+00
-1.2729470777225798e+00
6.2326956234933262e-01
1.2512494895478139e+00
1.5843374562882353e+00
1.3834077778697962e+00
1.1896082496293896e+00
8.1310825491171046e-01
-8.0065148376786854e-02
-3.4641784856732877e-01
-4.7265168600880375e-01
4.3863009752163484e-01
-2.0420456005276582e+00
-1.2425946653820219e+00
-9.2489779958615778e-02
6.5754741996237520e-01
1.3869274974541190e+00
8.9494935854006719e-01
-8.3861636530543704e-01
-1.6594207575846149e+00
-6.9902189560153349e-01
-6.8345726036809007e-01
9.1663288038182378e-01
1.5091757620479035e-01
-6.2475118782286165e-01
-1.1193887184916851e+00
2.5816145865264577e+00
1.3792488496564659e-01
-1.1290571535086189e+00
-2.7663705411419870e-01
-1.5040032169988543e-01
7.8297758640661452e-01
1.9487134636728793e+00
-5.0224848908106523e-01
8.6558843352391956e-01
8.7551607554979982e-01
2.5190838050935072e+00
-6.0020976679787008e-02
-1.0155025329672711e+00
1.2127632855770236e+00
5.5101775551855681e-01
1.3803627898479420e+00
-2.1433834480897280e+00
-8.0135085193854316e-01
2.0662291278576927e-01
6.2948969669244537e-01
1.4077217641470572e+00
-9.5287200589095999e-01
-5.6673438687541788e-01
-2.7725695618478141e-01
1.2595921250179121e+00
2.5266508316111547e+00
-1.6810403062658712e+00
-1.4057591159370388e+00
9.9556102052872186e-01
-1.3482749550825928e+00
1.0192058473688979e+00
2.8924103563178587e+00
-2.7460679300165443e+00
-2.5280610027628185e+00
1.1347321940308730e+00
-6.6301403669263270e-01
1.4279469641712246e+00
-5.4666813452129526e-01
1.5799083349308594e+00
-1.0081342675988929e+00
2.1327142208526331e+00
-2.1647137715431968e+00
-2.3576453052698096e+00
1.7720889115225786e+00
-3.6775177098979756e-01
2.5329518672431123e-01
8.2269057914458277e-01
1.7373744382469123e+00
1.0272003451408380e+00
-1.2246736908474094e-01
-2.1742276768642945e+00
2.8146988959107411e+00
-3.3052082279160228e-01
9.1627592890623277e-02
-1.0147006029995456e+00
-3.5300531252281425e-01
-2.4800739270586534e+00
-4.6131341046377355e-01
-1.5082527239414578e+00
-2.0169993913017090e+00
-4.6551239328654292e-01
2.9343281950680415e-02
6.5397136459523164e-01
-1.0766158639290452e-01
-8.5903077192776089e-01
-3.1705027301486582e-02
-2.7710057929268488e+00
-6.1331358006273640e-01
1.2308657085333892e+00
3.1481048038533888e-01
-2.9374687466184932e+00
2.3130627321164346e-02
-7.0161762962421181e-01
5.5839183430321815e-01
1.3599819612683202e+00
-1.9437310490502524e+00
-4.6993003448126031e-01
6.4739531327812627e-01
-6.2996209577838302e-02
1.5413782808769847e-02
-3.5438834465512130e+00
-9.4268075904386350e-01
-1.4608497956960576e+00
-1.8228670849449686e+00
-1.7735995085223533e+00
2.0566866750555093e+00
-1.8123898037360058e+00
1.2136106829122755e-04
3.8111128216692623e-02
-1.2925713763789526e+00
1.3897408758857379e+00
-4.2741776557836408e-01
-8.2247404209070185e-01
4.2304854110175755e-01
4.3143103639437225e-01
-1.2994337770629492e+00
-7.8431416900636070e-02
-8.2417066326640798e-01
-2.5589756677073288e+00
-9.4377655714161035e-01
1.5920645229132357e+00
-1.4373237870122100e+00
-2.0953118626200204e-01
-1.0970307187512143e+00
3.2148371216644631e+00
-1.8040360276340128e+00
-3.7047691135276339e-01
-1.3676809676938222e+00
-8.2271757402078496e-03
-4.4818409828577177e-01
-4.4767687583746479e-01
5.8173844828475885e-01
-6.6213536791494790e-02
3.0372664547274910e+00
8.6402184629445389e-01
-1.7877381788821127e+00
6.5981624664364547e-01
1.1903808322470313e+00
-5.5030836304448971e-01
-2.6859744776080139e+00
-1.6777510622597955e+00
-1.0667431271676637e+00
-1.2658027246036914e+00
-2.8093300592529025e-01
9.2556495911615266e-01
3.7628301868538194e-01
1.0084440622707229e+00
-1.1618104691019393e-01
