N(0, 1) n=1000 0.1
0 1000
1.6932491862459667e+00
1.7148157801616999e+00
1.5624775647360385e+00
2.7073500248283611e-01
3.4432281626085748e-01
-1.6074946730344059e-01
2.4517878673745255e+00
2.1974988441561258e-01
-3.9236955382401933e-01
-4.0575098932225891e-02
-6.7920970805672520e-01
-2.9813020353437220e-01
2.8317555608502190e+00
8.0228810059233346e-01
-1.1949976545425154e+00
7.1710103420842941e-01
-6.3440367056012037e-01
-8.5485405620372645e-01
3.3334200279894971e-01
-6.2172917582230824e-01
6.2819294717733620e-01
-5.8701077383909339e-01
1.2931570068000242e+00
-1.9313012525442101e+00
-4.6049955853308472e-01
1.5993814742204586e+00
8.8635356029073531e-01
-2.0335920740374669e+00
1.0695062133608710e+00
-2.3549697732889972e-02
-1.1457805819934095e+00
-4.2839092191061590e-01
-5.6730298863420225e-01
-9.0241010887973416e-01
5.3681108975682212e-01
4.1399118797371504e-01
5.2190722194509198e-01
-1.6469470697396167e+00
4.3890146626158122e-01
-5.0104565735654272e-01
-1.8401686448388914e+00
6.9554940689045308e-01
-3.8751747294534311e-01
1.3340387715945763e+00
-8.4313991533170973e-01
8.6203992733988621e-01
1.3563729710738335e+00
-6.6816257997524298e-01
-6.5448833479464341e-01
-1.0300027499190638e+00
-9.6493180441222764e-02
-5.3655012764622943e-02
2.8272688040944038e-01
-7.4101647632805620e-02
4.0830535341541052e-01
1.5413482498284212e+00
1.9205527982681962e+00
-1.7537457570708010e+00
-8.1052694611763965e-01
-1.1193110260957213e-01
1.7322442847208506e+00
8.8775854714746949e-01
-2.8221084022969469e+00
6.5492909222135876e-01
-1.1027479708373333e+00
1.4633087962493979e-01
1.1423263985935048e-02
-1.3479189666660885e-01
-9.8928905064083861e-01
2.8694223608149982e-01
-6.4769072344255985e-01
1.6143300469860444e+00
6.0347893763674787e-01
8.0684879821333533e-01
1.1005133258306596e+00
-6.2462980407825719e-01
-1.5237012929987099e+00
-5.6500042722024391e-01
1.3280723637179954e+00
-4.8077806955468333e-01
-1.1284687036301048e-01
-7.2777994839692095e-01
-1.3733069874362958e-01
1.3261746854224446e-01
-1.3451931749224888e-01
-3.4089253504738015e-01
-1.5376705331928378e+00
3.0901568939512618e+00
6.6708239881777653e-01
-1.2398694624119886e+00
7.6283083719779921e-01
1.0237682954951235e+00
-4.0467960828269744e-01
9.9506193497119075e-02
-9.6765123045490314e-04
1.1437350916978559e+00
5.4656614839291995e-01
1.9491587093862599e+00
5.6062545391310903e-01
-1.1387347363579061e+00
4.9281565836075986e-01
-1.8112546460839229e+00
9.0033672027076739e-01
4.1911023022922284e-01
-1.0462409069936419e-01
-6.4128064386395900e-01
7.3735126651787264e-01
4.1072378041538060e-01
-2.1604069087968547e+00
2.7901347825311062e-01
-1.3225423273614485e+00
-2.9331783079451623e-01
1.9447981966668535e+00
6.4593987331983937e-01
1.5089840105935979e+00
-8.1416682258632911e-01
1.6605011292287605e-01
-1.5235032248583440e+00
2.5968400173716782e-01
-9.0536889125117603e-01
-4.3538433311011554e-01
-2.1244095251243725e-01
-7.4622130805885489e-01
-9.4226680889116801e-02
3.3270841088432102e-01
-1.8618262665058514e+00
3.1341655530030160e-01
9.3644846874430643e-01
9.5313636119445280e-02
1.2315576433140754e-01
1.8410850277563189e+00
-1.2077711667672435e+00
2.6125511084780295e-01
-1.8907853562975221e-01
1.3358820201826782e+00
1.5772678793623172e+00
-8.4558880714556070e-02
-8.9468989861191417e-01
2.6124258985350064e+00
2.2437805278518472e+00
1.4775292647543761e+00
-2.4703086799115678e-01
-4.9235631478618891e-01
-3.0325680564842666e-01
1.5476789886875377e+00
3.3997303629862896e-01
-5.5100879634075073e-01
1.8588306229622586e-01
-1.0463685058375174e-01
4.7246435359546768e-01
-1.0592090714705888e+00
-1.9611122757177274e-01
-1.8197102646356194e-03
-6.0579534840789739e-01
2.0810488462442284e-02
-9.2017153255745399e-01
1.0741906460121062e+00
1.1322522737478433e+00
7.1568460083263519e-01
6.8306579508179033e-01
-5.4513592979071535e-01
-7.7704194829026296e-02
1.1841439755380356e+00
1.3336420540974199e+00
-3.7413544980515190e-01
6.8357635563800734e-01
1.0964446016323541e+00
-7.2142012713775527e-01
-4.4368982046790889e-01
-1.8359223507576003e-01
-7.9435394218967770e-01
-5.1014349329869857e-01
-1.0364345762220426e+00
-1.1876945108058083e+00
3.0248808110401010e-01
-3.1800245683019934e-01
2.3379629016787032e-01
1.1233510717455129e+00
-1.5210324649449977e-01
-1.4171137769006187e-01
7.9270984893738128e-01
-1.7329686455351706e-01
4.3682991893125783e-01
2.0269301823591723e+00
-3.0458392408156088e+00
6.1178386112826977e-01
-6.0333560354916072e-01
1.8657104792415242e+00
-1.4955307198444585e+00
1.3159830457562687e+00
1.2075687410292917e+00
9.2002340077919964e-02
-1.6234963465458372e+00
2.2463246619653610e-01
3.7248258491096259e-01
-5.5145148427561119e-01
-3.3851688202344660e-01
-5.2342638551146237e-01
2.4931700151917421e-01
-9.8292965786584599e-02
-1.0794375243327379e+00
1.1867682649428184e+00
3.0110989707081215e-01
-8.6414986101809466e-01
-5.6243059462587286e-01
-3.5799715310651564e-01
-1.7331863578024802e+00
-8.8647419338608724e-01
-7.4099962381048201e-01
7.2254414011080681e-01
3.4517121571085446e-01
4.8771333840769654e-01
4.1328773913086464e-01
-2.8229075325076453e-01
1.5079670500818196e+00
4.4086402147626991e-01
-3.5337067494763674e-01
8.4334355013056372e-01
-6.2280886520447698e-01
-1.0730977545918656e+00
-1.4276842374208203e+00
-5.4039735778551756e-01
-1.3580889122188116e+00
1.0062681385719638e+00
2.5766037410384024e-01
-1.4154592955081824e+00
5.7836732513062039e-01
1.8367906474140301e+00
-6.8772393858552491e-03
-7.9067320295647092e-01
1.8233634055328969e+00
1.1496766068310911e+00
-1.0077234431304709e+00
-4.6365239308292289e-01
-1.3553257306864619e+00
-2.8163103715404453e-01
-8.8989142975661806e-01
7.3536354369492196e-01
-1.1491996386231234e+00
6.3792663696301466e-01
-3.1592476969893735e-01
8.2678903651579061e-01
-7.3013022801301508e-01
7.8930220275877394e-01
-1.7955585461334238e+00
-3.9357010253514807e-01
-1.6526916320827245e-01
8.2910183316889086e-01
2.6639251765892352e-01
-3.1661535316755762e-01
1.4571250397461627e-01
9.6086994587836039e-01
4.1868219682846591e-01
-1.7831214716058583e+00
8.7710835147449739e-01
1.9677709902674692e-01
-9.2936830506398921e-02
1.1541417492316879e+00
1.5831753827613337e+00
-9.5450434840331622e-01
2.6823392920091114e+00
7.6933624293227731e-01
-4.0003403223324813e-01
-9.8549424657904983e-01
1.6931129189345504e+00
-2.4983452999100247e-02
-1.0366445834015590e+00
3.5027802663539180e+00
5.3328149043605451e-02
7.1181595922339402e-01
-1.1542623620404627e-01
-1.5225697907302234e+00
4.9597632616653281e-01
-1.2053437952791828e+00
-6.8209222642642298e-01
-1.1088013705215221e+00
3.1410793358466466e-01
7.8623664960408302e-01
5.8114788392359995e-01
-3.3653003671019316e-01
-1.7959519122943829e-01
-1.5531640825972879e+00
-1.6807974560756549e-02
3.0247646348199259e-01
-5.0582610439149478e-01
-4.8531642915626122e-01
5.6534271920746171e-01
-7.1324851515820009e-01
-4.1571975870411787e-01
1.2980074977790295e+00
-6.7699353487000269e-01
5.6040604844634356e-01
-4.5625079893894910e-01
-1.5166405674488626e+00
9.5190899957424102e-01
8.4078928252399121e-01
1.0429825699641967e-01
-6.5340202276265635e-02
-3.0020954952767540e+00
-2.0467045203841877e-01
-4.2673995089908850e-01
4.9196353389893560e-01
9.6559473342720514e-01
6.9958925262545257e-01
1.2213804354881497e+00
3.0275582435558018e-01
-7.4508112683255345e-01
-8.1880002317721201e-01
2.7831795893221161e+00
-1.9008845953640621e-01
3.2181696972088608e-01
8.3073432764930999e-01
2.9536511648608205e-01
1.3065679970250426e+00
1.3911508054432964e+00
-5.9783495966151201e-01
-1.6860923264540389e-01
1.7675243317769268e-01
1.2183610328789439e-01
1.0710562630231066e+00
-4.0606102375702502e-01
1.7487095870523448e+00
7.2291308365424711e-01
1.0065925125176343e+00
-5.8078178577721717e-01
-2.0118334221932790e-01
5.0916741372810370e-01
3.4497513007999825e-01
2.2115800087501412e+00
-6.5858216107453571e-02
-3.3824090722665046e-01
5.6763093335833591e-02
-6.5491287046527763e-02
1.4010669628528134e+00
-1.2339193123342016e+00
-8.9964750650105585e-01
2.1254130266194482e-01
6.9015679174845213e-01
-8.6416353061443421e-02
1.0303321787999142e+00
3.6789127153179296e-01
-1.9124532993799148e+00
-9.5586937314999054e-01
-7.3482827932065717e-02
-6.6459521044204106e-02
7.8789243850449275e-02
3.7352601616146330e-01
5.0615387756488890e-02
3.0215070356268123e-02
4.1516749054910040e-01
1.2058666690563588e-01
-6.7753674391367946e-01
9.6184086317588624e-01
1.3788337166626785e+00
2.6285044837244521e-02
8.5997445390088401e-01
1.1381894429041612e+00
9.0154010897782766e-01
1.2618076509198688e+00
-5.7171134951139435e-01
-1.9187670953507761e+00
-1.9438211985363729e+00
-4.8321549084092175e-01
-2.5986233426219476e+00
-9.0889697532246239e-01
-1.1269264583204164e+00
3.2855504966656351e-01
-9.6797338031430991e-01
-7.8017156332462056e-01
-5.5330150597181482e-01
8.6470198062788428e-01
1.4346000880571805e+00
-1.3226535416985108e-01
1.9602019831554447e+00
8.8251541914658549e-01
4.8050289923011719e-01
1.0344983482014252e+00
-1.9153661388166554e-01
-4.0982128743234714e-01
-5.4281645170378612e-01
3.8574660249082632e-01
-1.0837448878681308e-01
7.5731544999609668e-01
1.4078303195866513e+00
1.1122898514716504e+00
-6.0473729355583350e-01
1.7451285551441909e+00
-4.7534392700603195e-01
2.0348210681212984e+00
-3.9224360019405402e-01
-7.7551031254191949e-01
-3.5344252492269423e-01
6.4810463093693715e-01
-3.8070092175301889e-01
-9.6905151401707845e-01
5.2009297096109508e-01
-6.9831850280139507e-01
9.7313717108286291e-02
-1.2184693805123268e+00
1.6124580007179887e+00
-3.1663699677424345e-01
-1.0015314775071342e+00
-4.5051014365412162e-01
-7.7281994701487711e-01
5.0823165797919667e-01
1.2305261691516016e+00
8.7901042669747215e-02
-9.4640582510472726e-01
8.3779647503582977e-01
-1.0204680033577520e+00
1.3240470889422242e+00
-1.9679070855289549e-01
-6.4479196928138849e-01
-8.6004532291872959e-01
-6.2738455816676947e-02
1.6178163069788321e-01
-6.7698001011940634e-01
-3.1441107971733046e-01
3.6491988979921358e-01
-6.5784613501694489e-01
-5.0013244484330133e-01
-6.6472129753010400e-01
-6.5676484513050326e-01
5.8034365754648953e-01
6.8786598012377365e-01
1.3134308681463274e+00
-3.0236212861301545e-03
-2.6776372372573857e-02
1.3757971380179763e+00
-1.3944659512186057e+00
-7.4745958766219600e-01
-1.6422697497950636e+00
1.7912681190125726e-01
-1.8909381429237788e+00
1.1246796785925468e+00
1.6354814740242398e+00
1.4675078831073221e+00
1.8202260614392216e+00
3.0622947534745670e-01
-2.0699354337332467e+00
-7.9756823064737148e-01
-1.2615554128743491e+00
-1.0078819151196183e+00
5.1261901762720874e-01
-1.1385076878560927e+00
-1.0505298685100546e-01
1.3025367059975159e+00
-8.5667229803184597e-01
8.7801718488725555e-01
4.8902776872146433e-02
1.6437205199469873e-01
3.4407920000778930e-01
-5.4414149754421548e-01
2.8845914482323148e-01
6.9068285296806631e-01
6.9662504972994266e-01
2.4509569679330515e-01
-4.1367437053901213e-01
6.1321126599264952e-01
1.4123662327810922e+00
2.2781481441399611e-03
-1.0620014161629880e-02
-8.3038477937298544e-02
-5.2524274449731567e-01
-9.9445428648639911e-01
2.4819604857324964e-01
1.6950636029427633e+00
-2.6204023781849767e-01
-1.5172386758417624e+00
8.9546252377209268e-01
-7.7597373064725461e-01
-1.9246163489002119e+00
6.6605542872132495e-01
6.8110010798222231e-01
1.8904842397516686e+00
-7.0290176048849806e-01
4.8789774277576115e-01
-1.8521577078719971e+00
-6.2988340882906568e-01
-2.1989634474437971e+00
-1.6173837075785440e+00
1.0910519033484078e+00
2.5488328436286428e-01
1.3142588363582761e-01
-1.2076662212289924e-02
-1.8917796928794364e-01
1.6425084571364983e+00
1.6546119292947656e-01
5.3662790964144691e-01
2.4222432214169114e+00
-1.0870093995328114e+00
1.0579983122100289e+00
6.2102655657761119e-01
-1.9388265058488876e+00
1.2554417139425369e+00
1.2854423563658679e-01
-2.9568765507397593e-01
4.3467935688408921e-01
7.8732432080407211e-01
-9.4219330190273332e-01
-1.0317532942737009e+00
-5.5186883418426286e-02
-1.9339556609532140e+00
-5.8864763622587546e-01
-3.6084820514484384e-01
-1.9092845463862069e+00
-2.6422684519707273e-01
-1.4004101764270660e+00
7.8377601833168242e-01
-5.3297059462055241e-01
-5.5788662996562467e-02
-3.4451681570657295e+00
-6.5999118850006722e-01
-1.3909152123280653e+00
1.2753108777258764e+00
-6.8152763832732388e-01
2.7590166274916555e-01
5.7222462082532932e-01
-1.0733074873820727e+00
-1.5781393483804251e+00
1.2759940563835892e+00
8.6524383760366885e-01
-8.9667973896018649e-01
-5.7679631680621324e-01
-4.2221955714379095e-01
-6.6210623423964154e-01
1.2342315614091148e+00
8.9705702026016243e-01
-9.9395932554821875e-02
-1.2173131605537759e+00
-9.7569519301052099e-01
-1.0715883762777061e+00
8.4807924528561129e-01
-1.0703247220185870e+00
-1.4658978246480822e-01
-4.7371651269384130e-01
-8.8055270194159641e-01
-3.0363559628354277e+00
6.8189508073476535e-01
-1.0531783561609251e+00
4.9482471534533901e-01
9.4953342977063293e-01
1.2738058611000154e+00
-1.0570211596030641e+00
2.2972698829041993e-01
-5.2738784413573758e-01
-8.7810365223836162e-01
3.2128984657198750e-01
-3.2939875368789945e-01
4.8549376933493243e-01
-7.5187436686380904e-01
-4.6218459166754994e-01
1.4621528945670217e-02
1.8392903817854012e-01
1.0478427398292225e+00
-8.5052245916741917e-02
-8.1364428640328543e-02
2.9748809784119263e+00
-2.1003416005397755e+00
-5.6158668995692573e-01
1.3434876929062958e+00
5.3970582801080656e-02
2.0598928574685451e+00
5.7749759792067734e-01
1.6054470458640664e+00
1.8042338132053939e+00
-1.0986409049489847e+00
-2.0275301404021059e-01
2.1770457569697346e+00
-7.1225250349638691e-01
7.7297101081222175e-01
2.8190597094174841e-01
-2.6496412051909624e-01
5.0906399277097514e-01
6.1330953844674208e-01
1.6775599469564928e+00
1.5607904431990900e+00
-6.3409816280939668e-01
-1.4992859584911806e+00
-6.8612369543078466e-01
7.1175340006593246e-01
4.8976254170423178e-01
2.3336660618869137e-01
-6.8763743071674421e-01
-4.7594733579418347e-01
6.4825889785165591e-01
1.3502968249143407e-01
-8.6307976448131485e-01
1.2030925598533433e+00
-9.4865057086259119e-01
6.5121930550863827e-01
1.1005567528172717e+00
2.1323494680351177e-01
-2.9064414007439793e-01
-1.2056474579438570e+00
-1.2933951063222955e+00
-1.8488106727530422e+00
6.8232625701234295e-01
1.6293128405403412e+00
-1.1734130404578187e+00
-8.5553684511112102e-02
-4.6524237498116860e-01
1.5718074676229317e+00
-7.1219062332749972e-01
8.1404360680125365e-01
3.0877436948093179e-01
-2.0421056083935594e+00
1.6419391228180864e+00
5.0501522358373507e-01
4.1942995756118134e-01
-1.3728454374266976e+00
-1.6202736366678212e+00
5.9803872209853316e-02
-9.0990286731274217e-01
-1.4900780240594707e+00
-1.9083845834113804e+00
-1.5795932586852698e-01
-5.3104695894194109e-01
-1.9251139548911931e+00
1.1502983509873783e+00
-6.8600762288724626e-01
-6.6732468625707364e-01
2.7327230636986295e+00
-1.1392029397241585e-01
-5.0669730497552956e-01
-3.3921959849390908e+00
4.8702904007097414e-01
3.7785085650753301e-02
-1.3726470384499074e+00
-1.6042579455813433e+00
-9.4665921847426648e-01
-8.2606903509433671e-01
9.5919767384034149e-01
-7.4685828071473415e-01
-6.1239105303782182e-01
-7.5677988434996779e-01
-2.7334714885050676e-01
1.7497782513852229e+00
-2.9329674222716320e+00
-5.4789976772656823e-01
2.0708179679400468e-01
-1.6271732086130325e-01
1.4491946862859466e+00
8.8160525224952029e-03
-2.8263651173226484e-01
-1.4337823667448470e+00
-1.0278815044513721e+00
2.2840829524580317e+00
3.0650346457464694e-01
-1.4108129655680576e-01
2.4081983105377529e+00
2.4377581023907113e-01
1.6963754226492846e+00
1.5817897375801904e+00
8.2794997377803281e-01
-2.6699165682189685e-01
6.6978696144771444e-01
2.3217735472718619e+00
6.0627705816670641e-01
6.7374689658985754e-01
-1.1089320345970988e+00
2.5148224838547790e+00
-6.1827485978477592e-01
7.4979546784259443e-01
7.6715706658967986e-01
-1.9129783191953012e-01
6.5944659094153779e-01
-2.0602208919807246e+00
-3.5169471165767824e-01
3.0028982243632246e-01
-3.6261716655208959e-01
4.4449305454512855e-01
2.0741910392693846e-01
-1.9497029153209827e-01
-3.1824668957676577e-01
1.5314488524843712e+00
5.8969074535879873e-01
7.2700371813722320e-01
-3.6442775379368814e-01
-7.0620785680375231e-01
-1.2228478460372720e+00
-3.6120438129798471e-01
-7.6939643261670032e-01
2.0512756466001791e+00
-2.2513477412266716e+00
-9.9598705120580111e-01
-1.3062925246922563e+00
9.6734462464560567e-01
4.5849454745922469e-01
-6.6482788589077824e-01
-6.5038968110578421e-01
-7.0626445855808195e-01
-1.9309586181808254e+00
3.2174277619709556e-02
9.1288796496755464e-01
2.4696766531137495e+00
4.1504172350413121e-01
-2.1492299487053641e+00
3.1591570684342951e-01
-1.3691587405189816e-02
1.0792809714213927e+00
3.6605364371710120e-01
6.8721552691240528e-01
1.7727736581808415e-01
6.0902501330499625e-01
-1.7159200753058266e+00
9.4253132264799155e-01
-1.6586139946321021e+00
3.3764124929288014e-01
-1.8701556956709786e+00
4.6509681914032647e-01
8.6948898556014698e-01
2.9391396820834292e-01
-1.6672573981456404e+00
-4.3327801129309779e-01
1.0267404524819514e+00
-3.8715375367757371e-01
-1.7459485092693603e+00
1.6638917407184264e+00
5.4218428280128206e-01
2.7278325984606617e+00
-9.0583578672583848e-02
4.4998334188303712e-01
-1.0014403427228398e+00
6.1905623820433497e-01
7.0108676870224573e-01
7.8766576103859398e-01
-1.7593799075417285e+00
-8.7865123644632914e-01
7.3498335786343338e-01
-1.6585196917486364e+00
1.4511360342721549e+00
1.5011817304060462e+00
1.3078330553074040e+00
-1.9068970443400163e-01
-9.6425190971878461e-01
7.1168079820076890e-01
7.1253674009899004e-01
9.6697833979052117e-01
-3.2335039334490051e-01
-3.0451158783141397e-01
-3.2224105199331422e-02
3.2737872325344081e-01
1.7532919929619184e+00
9.5695354791438614e-01
1.5273713015902917e+00
1.7039872261254225e+00
-1.4932501331221733e+00
1.3391810092208536e+00
3.3133761144178542e-01
-1.1914910971862271e+00
1.5958728414676862e+00
-8.0336384740453987e-02
9.3515757632466867e-01
-3.2662320959619817e-01
-8.2342179483961708e-01
-7.6151915144705207e-01
1.7670891116073814e-01
4.7312113397300620e-01
-9.4722819913752065e-01
3.0360045350208581e-01
-9.6002240112492876e-01
2.4510890129765404e-02
2.0922830917542932e+00
1.9045993196513060e+00
-2.3658603430624492e+00
5.5657633989086963e-01
-4.5225687963819672e-01
3.6165762033961690e-01
1.1013229562228848e+00
3.2755548928194460e+00
-1.1027969715043113e+00
-9.9830515866603564e-01
-7.9018016993327189e-01
9.2664565920291442e-01
1.1034581797390598e-01
-6.6718380659203269e-01
8.4593896844172761e-02
1.1727846591854272e+00
1.3171394127989491e+00
7.3585447739604126e-01
1.9931234435814107e-01
-4.0232437453284403e-01
-3.1332508994218573e+00
-1.6514066515040067e+00
-7.0498807008733044e-01
5.6255971699869844e-01
1.5962065875993922e-01
1.2732726396864065e+00
-2.7479156886776357e-01
-1.2404581371852419e+00
1.2250537664370593e+00
2.6650830251345503e-01
8.6145859763325816e-01
2.5056124749011457e+00
-1.8200637141913893e+00
7.9275039896687638e-01
4.6611662564809553e-01
-2.2922125131293422e-01
-2.3689059316170671e-01
6.4659245950289423e-01
-2.2633728917030065e+00
9.7539401450690200e-01
3.4341208494693323e+00
2.1825803284554657e+00
1.5456096534012556e+00
-4.9337652768148233e-03
4.7548944531238896e-02
-1.3129981495235277e+00
2.2483997342214384e+00
2.9544898787118451e-01
-1.4492460942735359e+00
-1.7102888817287118e-01
-5.2271570593234606e-01
-2.6308160387823215e-01
1.3967659709583387e+00
-1.6984173137467401e-01
3.3694822932993938e-02
3.4753588820339614e+00
-2.8160852717692291e+00
5.7042281098509007e-01
-1.4093814528965327e+00
2.0167203535868121e+00
-1.2242557787618289e+00
-5.3313774530134117e-01
7.1620799838481486e-01
1.5606943183579642e+00
-6.9052722075933481e-01
4.7316005380023735e-01
9.8192446859221405e-01
-5.7421300569434763e-01
-7.4451277392170512e-01
-9.3182617810720136e-01
3.5157161496449912e-01
3.8798011329106524e-01
-8.8458789977400343e-01
-4.1767835791837149e-01
8.1533909148821226e-01
6.1266931493507770e-01
-9.7206952368243438e-01
2.8174957790984295e-01
1.0676965832437699e+00
2.7918825087477572e-01
-1.4591609798450675e+00
6.8236789266618980e-01
-7.5579296389028194e-01
5.3369898947733412e-02
-9.6737098042738490e-01
-1.1907378644952007e+00
-4.7401196254210276e-01
-1.1804873195987924e+00
1.8040339228117358e-01
-5.8893686589019401e-01
1.6536203063952533e+00
5.3303742684778010e-01
5.5644491463802770e-01
-5.7725395957390646e-01
-7.6403212712613489e-01
-1.8065266612956437e+00
5.3463373940031567e-01
-3.4732140718992756e-02
1.0180288295183952e+00
-7.4844251532145523e-01
-7.7421201779145266e-01
5.6973654132137896e-01
4.6191025829237287e-01
4.8990311697546890e-01
-1.6521048368996316e-01
-7.4982662538624556e-01
-1.0842627432168717e+00
-4.9493513391551630e-01
-1.0102880011432591e-01
-2.0502278013709821e-01
2.5696107758389948e+00
2.8102536133113336e+00
6.4582304237786325e-01
5.8740060855774601e-01
-1.4505470573675266e-01
1.1186250309119681e+00
1.6961548909382451e-01
2.4091249591514972e+00
1.0394108967122437e+00
8.9831133221846091e-02
3.5436405662373432e-01
-3.0116447326761980e-01
1.5485762386154218e+00
8.4977124211909905e-01
5.2449238775689178e-01
-4.8652917526023054e-01
3.2829148144285386e-01
-1.0166947375942015e+00
1.2901557335285483e+00
-1.3805086406451830e+00
1.5300239034717205e+00
1.1771199311506528e+00
-6.1799390622088657e-01
-8.8961851852686524e-01
-2.8867081298307823e-01
4.4085330201066036e-01
3.9382044565373947e-01
9.0567174973277142e-01
1.7182101408363364e+00
1.6200227705916128e+00
-1.0170480076931256e+00
-1.2871482184633651e+00
1.1687606121816980e+00
-1.2123075058448924e+00
9.3012608959630011e-02
-6.5925927588105604e-01
-8.0116930649175111e-01
3.2322183543328999e+00
3.2082984120077231e+00
3.9133259934761633e-02
-9.1879895780500664e-01
2.0823554464136569e+00
1.4915930745054407e+00
9.8113842416121078e-01
1.3614655347503255e+00
-1.4341565637197113e+00
6.8717332586237023e-01
-3.1077089615727321e-01
8.7320856801082425e-01
1.0993138552089023e+00
-1.4552342093836406e+00
1.7814951855377665e+00
-1.4700426540241966e+00
-1.0108586609572956e-01
1.9108269049060631e+00
-9.4440398976670148e-01
2.1177152746209829e+00
9.7502596825890342e-01
5.7163803059590879e-01
-1.9588219905485653e+00
1.7236087271570306e+00
-1.5902664615068212e+00
1.5913605659948036e+00
1.9666745094938558e+00
5.2394700510750802e-01
2.2852468436192597e-01
-1.0309150585501563e+00
5.0999307224422274e-01
1.0944961868157594e+00
3.8926815027253960e-02
4.9099682670822842e-01
6.4407356874131050e-01
-2.0409400470168912e+00
4.9943047359715226e-01
-4.6854896823739933e-01
-6.5197772929205544e-01
3.5705268510816235e-01
-5.3989749132606124e-01
-1.8575867154173538e+00
8.7884499473191338e-02
-7.2616129955646447e-01
-3.6426560333287461e-01
2.1019975461018743e+00
-1.9541014836232569e+00
-1.2176675715709091e+00
3.0706250508570920e-01
1.8309461659050159e+00
1.3963545594571861e-01
-2.5568950077979755e-02
-4.7100192882894631e-01
-8.4712164442079729e-01
1.1139431686483741e+00
1.1835968584149397e+00
1.5259586652270181e+00
1.3278848052011873e+00
5.2910197234913714e-01
1.0324723173159831e+00
-4.0125168140709933e-01
-5.9625702047336804e-01
1.2036567294917822e+00
-2.9695390928043253e-01
9.8398342572617059e-01
-1.8769437605691504e+00
-5.9359712780965002e-01
1.3472704221320932e+00
-2.9259899262873734e-01
1.6958053853995378e+00
-5.7216796214476806e-01
-2.3450941187344347e+00
-2.8782978969022461e+00
-1.2073970747375653e+00
2.0493469531310476e-01
1.0706845735511208e+00
1.1947003015612874e+00
-1.2557968181650194e+00
-7.6751645628351972e-01
-1.0580380366740265e+00
-3.4379700016757413e+00
-7.1501901067013418e-01
-2.6388646354515599e-01
7.8281401059301814e-01
3.8530873903258933e-02
8.3202109038883676e-01
1.5430302971341231e-01
-1.0168203015377677e+00
2.3273575391021351e+00
1.6678259560924962e+00
