N(0, 1) n=400 0.3
0 400
-3.8969188059809229e-01
-1.4679523079078430e-01
-5.8511868085775005e-03
1.9456388851290340e-01
6.8392031278670296e-01
-1.1421360714197548e+00
-8.3538427916902069e-01
6.7981034951833297e-01
1.0259204246223752e+00
-7.9993776660055305e-01
-1.1788926325659463e+00
2.4309954377605220e-01
-9.1924206573317779e-01
4.6205346011737741e-01
1.5506771135015895e+00
2.6821941818462997e-01
1.3378113146604096e+00
-4.5699186257222113e-01
9.2438701138964896e-01
4.2763999409849712e-01
2.6972840088222405e-01
6.5179737029975959e-01
-1.3387017597295672e+00
-1.1392382649010603e-02
-1.6338192777826432e+00
-1.4880112971295130e+00
1.7593245060193929e+00
5.8530966459487022e-01
-1.1179441840591020e-01
1.5136098723644664e+00
1.1644137311087650e+00
2.0872762783895995e+00
2.5034605217037836e-01
1.8556014474690308e+00
3.7413782458461475e-01
6.1383895404779421e-01
7.3059181885521485e-01
-3.9669106118442643e-01
-3.0348183705705511e+00
-1.1561970397542309e+00
1.9842498374140585e-01
-1.7201742598962138e+00
-1.0691256038543488e+00
1.0215596716404531e+00
-7.3083109119271505e-01
-1.1620511634140784e+00
-8.8932495738141870e-01
-2.3380857389244719e-01
1.0128129492700333e+00
1.7214064293826044e+00
8.7349383594258467e-01
1.0815437517773603e+00
4.2147177431547467e-01
-6.4299874828151327e-01
1.0289188710956954e+00
1.8717228931149806e-02
-8.2536511060955220e-01
7.6375333011409419e-01
4.3764972235498051e-01
1.2467684287890697e+00
6.6464399550049835e-01
-9.1565705891391114e-01
-1.9674290995381535e-01
-4.4366143996865205e-02
2.3477230633217657e-02
-4.5429336941685944e-01
1.9330291896448795e-01
-1.7666590876799390e-01
-4.5584309158673253e-01
-8.9644195257346138e-01
1.7102801499254019e+00
-4.0786795618269922e-01
-2.7854371239105915e+00
8.1053540354210962e-01
-1.2150609927435334e+00
-2.2734002373044535e-01
1.2883929454803034e+00
-1.6884972950470800e+00
-1.1040329893989245e+00
9.2327406992267469e-01
-1.8257533274455675e+00
-1.1424783063558066e+00
-5.1718761145503045e-01
-4.2577958133793009e-01
1.3157309207528037e-01
4.9913701583896669e-01
1.7283622716634983e+00
-1.2488950876864808e+00
8.1386675289752841e-01
1.4964036167645816e+00
-6.2831244988372600e-02
-2.1930374778781000e-03
-1.5149296550006102e+00
-9.1382025675099432e-01
-5.0301719437094417e-01
2.8535808335206650e-02
1.5170556173567179e-01
9.5435673868194992e-01
6.0506921286173232e-01
-1.5630791999848445e-01
-1.0662255912668257e+00
1.5276318233779382e-01
-6.8171341219638126e-01
7.1790587600670064e-01
1.3940393779487115e+00
-1.5735780786152189e+00
-1.0322180845490159e+00
6.4734757514074523e-02
-3.2193590807586003e-01
-6.5115277079856082e-01
-2.2988505937710535e-01
-7.3557014267512477e-01
3.8579662465499015e-01
-1.6750502852841216e+00
1.0776322504209448e-01
1.7539493494033471e+00
-7.5289184473289461e-01
-2.1845944777870225e+00
-6.1216779881826433e-01
1.5714885513833665e+00
7.8305795232335651e-01
1.4735923060972624e+00
-1.2294064250057157e+00
-1.1432240427053793e+00
-6.2165345382738757e-01
-1.7760320760448853e+00
-1.0592996941123900e+00
8.7563179264454005e-01
1.6258606284158119e+00
-1.1076506970252626e+00
-7.4655021460267340e-02
3.2930871676822671e+00
-1.0213868852499230e+00
6.7212012948278066e-01
-1.8729733992167222e-01
-1.3026639167863582e-01
7.8552229892177605e-01
-1.5910536860059656e+00
3.1390431864779389e-01
7.9549340946662461e-01
-1.3929065355071215e+00
-2.2348316639609878e+00
1.9992534812008281e-01
1.4708814921368887e-01
-7.1454795166676144e-01
-7.2040330550629639e-01
-3.0663697912229060e-01
1.5641386998054614e+00
-2.6904327574554626e-01
1.9240645233717277e+00
1.4680017753590719e-03
-1.7879137198171082e+00
-3.3195781583926759e-01
1.7171254445510427e+00
2.0471123380814442e-03
-1.6305159299563057e+00
-1.2937706764282245e-01
-1.2020781001933314e+00
-1.1699359011541359e+00
1.5924448857643656e+00
-8.5030805879771576e-01
2.8838459645368411e+00
-1.7888847724870385e+00
2.8949720704400672e-01
-1.7877719349439156e-01
-5.1460320773826029e-01
1.4831533010849638e+00
-1.2147884466234533e+00
-8.6557170410731765e-01
7.2707736852577454e-01
-1.5798454458547917e+00
1.9963159189688659e-01
1.3655292863930644e+00
5.2108734885730135e-01
1.9513865040851671e-02
4.9895300580794361e-01
-8.7859506516252850e-01
1.7408857767697683e+00
-1.3713523413630839e+00
9.7531613685850893e-01
5.2479667624489224e-01
6.8953072500226836e-02
8.3982662572388053e-02
-4.7607622493306057e-01
-7.9220683769164624e-01
2.3301322387406176e-01
-1.2347134372134960e+00
-1.7740288438706389e+00
1.3539535519670901e-01
-1.2491684517363184e+00
-1.2890095758485520e+00
-1.2777655165521300e+00
-2.5620503436218329e+00
-1.5939344236316861e+00
2.4792325762828598e+00
9.2312979551300456e-01
-2.2163410766441651e+00
8.9292217955935660e-01
-6.7504614253522421e-01
2.3742230553134777e-02
-1.7404117747297374e+00
-3.3729094382023699e-02
1.0704302531860981e-02
5.1291691469714573e-01
2.8405333010885825e-01
-1.0711928441647041e+00
2.0800149858252137e+00
-1.0772954134241164e+00
8.3090053296766264e-01
5.8002692237511472e-03
-5.9262986022840902e-01
5.9125919209201717e-02
-1.8431539403978980e+00
-6.0629766817889486e-01
1.9374451047720604e+00
1.0021678651568219e-01
-1.7243175879695769e+00
3.4212418371543296e-01
-4.1080188019680552e-01
1.3122333436588522e+00
-6.5775834980699899e-01
1.6685607985281856e-01
-1.7495949860054167e+00
8.7595783729851362e-01
1.0781757764374529e+00
-8.0179424020539003e-01
-1.9367771322663530e-01
-2.7306187638432440e+00
6.9225487167358490e-01
-1.4200134304329310e+00
-4.0374437801703966e-01
-6.7018772663224624e-01
6.0580342203783910e-01
-7.8226417848971042e-01
3.6433070832725389e-01
2.8133660924131836e+00
8.7163647309336678e-02
1.1448598391580336e+00
1.9685601162238919e+00
-2.8753246246407138e-01
1.4226671150136058e-01
2.0468030986765964e+00
-1.9929073901844567e+00
-3.4693771235406967e-01
-1.8506957818372163e+00
7.5130775501499802e-01
-9.8644921202840408e-01
-9.8226420450143626e-01
5.8961247989423471e-01
2.1146578223166852e+00
-6.8685349425264941e-01
1.3954378085352188e+00
2.2118845834593133e+00
-6.4979733292831920e-01
2.9514663486828646e-01
-8.8923206673177391e-01
-8.8769975047091487e-01
-3.4589163706593973e-01
8.5431688739791589e-01
-2.8777386333592520e-01
-2.0025167043608089e-01
3.7099998840802867e-01
1.5896880274560752e+00
-1.6661223970839265e+00
-1.7185557608105384e-01
-3.2695030764580296e-01
-6.2094660503154420e-01
-1.1382611395684887e+00
-3.6347379508468330e-01
5.6254423602206682e-01
1.5079467746341162e+00
1.5654079768731688e+00
-2.0972776912937924e-01
1.7437873975243474e+00
-1.2084119523115453e+00
9.6422548050562640e-01
2.7912075774570164e+00
-7.6046170556354498e-01
-1.1559279974054664e+00
3.4590812512167440e-01
-9.1308995251753993e-03
-9.3977048190610235e-01
-7.6362654446936684e-01
-1.1185589641101426e+00
-4.4935939058440122e-01
5.0107304534146482e-02
6.0950652951497697e-01
4.3582798828940267e-01
2.8096935744256508e+00
9.8988716449005487e-01
1.8289614303809898e+00
-1.2021619327906841e+00
-1.4861267523455259e+00
1.5114305107903760e+00
2.4767178995958483e+00
-5.8267112541593247e-01
3.0884983567314670e+00
-6.8050318092166773e-02
-2.5586671573796288e-01
2.3337109131584932e+00
-3.4264274583391763e-01
-6.9701914951431143e-01
4.2138349541205650e-01
8.9247121328823953e-01
-1.0870819078801781e+00
1.6593113990393540e+00
1.3592263399656115e+00
4.0223250956956519e-01
-1.1345161729591957e+00
9.0666858407770334e-01
1.9728221562897028e+00
-2.4911557762392094e+00
9.4569402624902987e-02
-1.6879332765567645e+00
-5.5101449190479590e-01
1.2756295192525207e+00
-1.7187412195873195e+00
4.4290843705479382e-01
-5.4925398919690593e-01
-5.9322550088052406e-01
8.3155984798009275e-01
-7.6695259337620869e-01
-1.0634981256617670e+00
3.2315271147348534e-01
3.5417272871272309e-01
1.0982391959027724e+00
-2.7210722648094525e+00
8.7024306110745020e-01
7.2465061466904424e-01
1.4960560840192465e+00
1.9512427945071656e-01
-5.9045141923885358e-01
-8.8650383673056088e-01
-8.3419960350437486e-02
-1.8195064034510917e+00
-3.6541633206833046e-01
-1.3404178331711558e-01
-5.1977800753024673e-03
-9.6090363795018519e-01
-3.6066278504603477e-01
-1.9467654142970119e+00
3.2604066010452182e+00
-2.0467538312552369e-01
1.2078223224050417e+00
-1.7267786169504844e-02
-2.1634577370530242e-01
-1.0584424710299729e-01
9.1677021066295528e-01
3.1046326747839328e+00
6.9906023456555599e-01
-5.7944995047749404e-01
-2.8050792465721897e-01
8.8995952127527866e-01
1.0357211414618397e+00
-1.3277735391458392e+00
-3.4507846194987307e-01
-2.6969403708668466e-01
1.2498900771795176e+00
2.4142138889743054e+00
-1.7267486312006766e+00
-8.8687804514223534e-01
2.1362752735539395e-01
5.9323414612971204e-01
1.2518797362279515e+00
-1.2448097136428429e+00
-1.2933086649470857e+00
1.8080399103623395e+00
-1.7463261293902185e-01
5.5441313587651575e-01
-6.6328205844279664e-01
6.2678659321739627e-01
-1.2889876559050675e+00
-1.7542073634747755e+00
-3.2944277657137161e-01
-1.0738307804541725e-01
-3.7759659263023865e-01
-6.8747739762602211e-01
-8.5581201542744423e-01
4.4589693264763680e-01
1.4896272276175031e+00
-1.6841456384000666e+00
2.1752192618949833e+00
-9.0639884896470446e-01
-1.1312689267157479e+00
1.7308296386849171e+00
6.7171657456804823e-01
3.5301407406216712e-01
2.6086964062388218e-01
3.0288210202607885e-01
-9.4132279630689575e-01
-3.3964038951283509e-01
9.9183374548069449e-03
2.4613197495900696e+00
-1.3408062418949944e+00
-9.7809892578502267e-01
-3.3139280284332934e-01
1.0490272284054627e+00
1.2674491024824064e+00
-4.1861376900131964e-01
1.8285665606583941e+00
