N(0, 1) n=600 0.1
0 600
4.4252035153357167e-01
1.6038676961167548e+00
2.3750516976634714e-01
-1.6061917441910303e-01
-3.6828411134342354e-01
-1.2784148125620660e+00
4.1528682602525409e-02
4.8294028965175989e-01
1.3143232496621613e+00
6.0106718887764077e-01
-1.4871707189659025e+00
-6.8947818496174540e-01
5.1264316320880332e-01
-1.1021153908565375e+00
-1.2627165375476652e+00
6.4385499263565127e-01
1.9189141123697624e+00
3.5302554530981418e-02
6.2781221137511922e-01
-2.7536647028383388e+00
-6.1832975124546585e-01
5.9788412140972447e-01
2.4369001220968781e-01
-1.4984028752199574e+00
2.0739581913685448e+00
1.3834004160100910e+00
3.1998270853315719e-01
1.8564217767433164e-01
1.5854756639683690e-01
1.2679442184934548e+00
1.5496986485346147e+00
-1.3802061194630479e+00
-1.5463861329066981e+00
-1.9122035103377699e+00
-8.3188546412914044e-01
-5.2047319911705558e-01
-3.1503925943957450e-01
5.6193447976493105e-01
-1.3384060264156923e+00
-6.1482797324557725e-01
3.4084040290911788e-01
1.4923913982520340e+00
-5.1912509382536676e-01
-5.6339175388076945e-01
-5.8985102534763179e-01
-8.6158837375817965e-01
1.1355701783128460e+00
1.0088939424673977e+00
9.8677941294328564e-01
1.1757700633971917e+00
8.3608626004016240e-01
-1.1771149584637162e+00
-1.7462922391855273e+00
-1.0954827193097498e+00
1.4237536385893974e+00
-4.0575359023316049e-01
-3.6639278351997283e-02
-3.1852126856546037e-02
4.0797243555649843e-01
6.3014606985827626e-01
-8.3902264231469470e-01
5.6470827643977339e-01
-2.4777781860036946e-01
-8.7165311614830709e-01
-4.4859182178284396e-01
4.8397025765359669e-01
8.8127598451828576e-02
1.3170026738270373e+00
-1.2115990898062228e+00
9.8540003381532426e-01
-2.8956459212092122e-02
-9.2138442218100791e-01
1.3242834280585747e+00
-1.7195945521338707e-01
8.4067785850531526e-02
1.5223088885416876e+00
6.0158619217809095e-01
-3.8984554612986877e-01
-1.8941763953489316e-02
-1.5548649910081997e+00
8.7255478602871014e-02
-4.6244066627937491e-01
-1.6376040681657085e+00
-5.1158711478950414e-01
3.3803339396242894e-02
5.7412774115740062e-01
6.9308996145048507e-01
1.3595790766277611e+00
-1.7522746405504433e-01
-4.5604480313253482e-02
-1.4416485845512012e-01
-2.0103995576248117e+00
1.1467461020255354e+00
-3.6451762311754476e-01
-5.8660601827502201e-01
9.5946017394210958e-01
6.0272596825413893e-01
-1.1333947197624388e+00
4.3401778510596295e-01
-6.9599266384524661e-01
-7.6519527454281910e-01
-9.6314218529976747e-01
8.5388881420070339e-01
1.6047421699034339e-01
5.7426098621921140e-01
1.1317675040898314e+00
1.4960551232425605e+00
-9.9278094287132479e-01
-5.0085665775417232e-01
5.1349153662226510e-01
-8.0099865535987014e-01
-2.5835176810266036e-01
3.7515365644465870e-01
-5.5296645307628067e-01
2.0366792252799346e+00
1.0080764631157939e+00
-1.0118653944005425e+00
-7.7990907880223037e-01
4.7153640492873777e-01
1.0742371673586912e+00
-1.0996029083820698e+00
3.7642674655166031e-01
-7.1817887293326899e-01
-4.2864067663873473e-01
-1.9920400765861033e+00
5.9205570684877917e-03
-1.7128833474214558e+00
-1.1650132605531514e+00
-2.2565225041158721e-01
1.7615292487770886e+00
-6.3714802803837878e-01
2.0735981411336907e-01
1.4134331853153752e+00
-5.7471166560334808e-01
1.5833349964285122e+00
-3.1911484466573781e-01
-1.2694925913608252e-01
-1.7811725781868681e+00
-2.8231417733772707e-01
-1.4991666808706479e+00
8.0626756258531052e-02
1.0757794845962863e+00
-1.7417029505204656e-01
1.8854326915604985e-01
8.2038946509350452e-01
-7.7395280375928732e-01
-1.7997209469171568e-01
3.0818240530494284e-01
5.4266904957755679e-01
1.0252608730779873e+00
-2.3036659897510634e+00
1.0418171681715536e+00
4.0122993080319747e-01
-1.4227039127290479e+00
1.3141659144994513e+00
9.8748764204315748e-02
6.1548646581535982e-01
1.5477883406530157e+00
7.1273269915810553e-02
-1.5344381267842813e+00
-1.4728041051965104e-01
-1.3346735760829762e+00
-2.8875039958002147e-01
-3.3186589143994566e-01
-1.0980224968331296e+00
-1.7634745419879374e+00
2.9209160810270030e+00
7.5108247687521457e-01
3.8698496848001063e-01
-1.1198057593464452e+00
1.7888082975145509e+00
-1.2905740952456219e+00
-6.1620539837045740e-01
6.1456061388984673e-01
-1.3323369645477454e+00
6.9371567567871562e-01
-6.4961472546440990e-01
-4.7596244822521527e-01
-2.6329238516846654e-01
3.4929981249885511e-01
-5.5843296024673705e-01
-1.2962497458938049e+00
-1.9959179451379412e+00
1.7191487697118566e+00
-1.0128593857746733e+00
8.5239456942714864e-01
1.3429316930070961e-01
-6.3448487487499261e-01
6.2114960594816948e-01
9.1996039998180423e-01
1.7682429619210560e-01
4.2198128545591174e-01
8.6433939554183248e-01
1.5547198504109778e+00
-1.6268171982081254e+00
-2.9973927340377016e-02
7.7947229122679618e-01
-4.3823571403486261e-01
2.9195709059656022e-01
7.7001252510094309e-01
-5.6775392273985703e-01
1.5189205779041945e-01
-1.4513360782536033e+00
-2.7619363325226126e-01
8.0097900012713075e-01
-2.6255149463813127e-01
6.3053337280109301e-01
2.4413074357900735e-01
-1.3918299887244228e+00
6.9480765357374774e-01
3.9166277116951859e-01
4.0634997834389291e-01
-1.2988008794763750e-01
-1.8024451195553787e-01
1.5912083495270926e+00
1.0439421330776304e+00
-6.5719570380887149e-01
1.6370563625957459e+00
-1.5954038558308887e+00
3.0081136303697165e-01
-9.9829094019489317e-01
8.2438367981998473e-01
9.1068992532593596e-01
2.8841237520134755e-01
5.3314229779457406e-02
1.5509124476144993e+00
7.2848960098856785e-01
-3.8415259712611277e-01
-1.3507417154208661e+00
-9.9092298610378526e-01
-1.5763093637900952e-01
-9.7672966491406743e-01
-1.2790185455486192e+00
-1.1144384819850768e+00
-2.2679726456556031e+00
1.1690691490856204e+00
-7.3418672860636691e-02
1.0629973186213602e+00
-6.8974549215502656e-01
-1.5285728107362144e+00
2.0838619196838284e-01
-5.5656911952530375e-01
-1.7501242629294124e-04
-1.5869807815045556e+00
7.5264372598041129e-01
3.5947309719163606e-01
-6.1955392519010888e-01
-2.6986109124757931e+00
1.1403648491420788e+00
-3.6268729677601114e-01
-1.2978698369994363e-01
-7.2434823609081012e-01
-1.2416970746129248e+00
-2.1760202198037906e+00
-1.2806991831225114e+00
-7.8118148024385825e-01
6.7872308910411039e-01
-5.4116227813661566e-01
-1.2100377716330624e+00
1.1459630323681576e+00
1.1891588479946522e-01
4.3397100691829760e-01
-1.0733237519585009e-01
-1.1005674070622384e+00
5.9342422434213993e-01
-8.6318770388631616e-02
7.4989818236052663e-01
5.3744668110624239e-01
8.7832133369459020e-01
9.7931163967180623e-01
5.7315054267830290e-01
-5.4988353321446623e-02
-2.9593813481661069e-01
-1.0167208792650020e+00
-1.6779954839272053e+00
-5.9028427812342166e-01
8.1339265897975854e-01
-4.2135617203008080e-01
-9.0312776794029825e-01
7.4487056051351819e-01
-6.7030445190542090e-02
-3.7964163401195178e-01
1.1231578892347440e+00
7.9488628299079944e-01
-3.2169426833576670e-01
1.3740156315167096e-01
1.6203530335985850e-01
-9.5052592431220795e-01
-1.1244099767652418e-01
6.2029892333738268e-01
7.8037030781608374e-01
3.5647148194803052e-01
-3.9166059538090206e-03
-7.7841204106469264e-01
3.7435197902988537e-01
2.2819971599323879e-01
1.1928966491900483e+00
-1.2568397993596867e+00
-5.2829046901684629e-01
-7.2956263076324779e-01
1.1569999415235679e-01
-1.4248687026549940e+00
9.3813460063831555e-01
-3.2689649044092078e-01
-1.6786482354849059e+00
-6.3110328654101877e-01
-3.4603628505732759e-01
1.4665741482638093e+00
5.6149752649580431e-01
3.4841508497581108e-01
2.2793474929087040e-01
-5.4537614868403650e-01
-2.0201173004179479e-01
2.1977048716556689e+00
-2.5516048371904981e-01
8.6432774322477623e-01
4.1484996508996563e-01
6.8887172589146273e-01
-8.4561412031270256e-01
-8.7961786972856049e-01
5.5255183708078104e-01
-1.3223982648450621e+00
2.9195404993032081e-01
2.1216828616600742e+00
-1.5697210734905918e+00
-8.7036452046221868e-01
-2.9241433964246555e-01
-1.0483165795101663e+00
5.4976335890645087e-02
-1.9366084246073398e-01
1.7446146823544875e-01
-7.3255783950456022e-01
-8.2365419379160187e-01
-1.6780230672165726e+00
-8.8690562026234609e-01
-8.9962787828961854e-01
1.2487237842944883e+00
1.1030699771291654e+00
-1.6217680319967422e+00
-2.0401511340527484e-01
3.8743427367462580e-01
-2.5020647856312572e-01
-3.3346072087303563e-01
9.7208067207308702e-01
1.4259569105318253e+00
-1.2634286406526736e+00
-4.1443580678535108e-01
-1.0606224170007672e+00
-5.2366424126948963e-01
5.6957199439759387e-01
-7.5162110284341577e-01
3.7301467230618585e-01
4.8809646764650094e-01
-1.9906464997190858e+00
-5.8818474422873246e-01
-8.0914371651829009e-01
-1.0267501051054482e+00
7.7586450933729723e-01
1.2010286620464634e+00
2.1658425441443292e+00
-9.8922333397245088e-01
-1.5533832242135921e+00
7.9222591129621034e-01
-1.0071984678685009e-01
8.3465240339215174e-01
3.8106179491070818e-01
4.8843176642741215e-01
-1.1849002139885125e+00
1.3313632159619360e+00
2.5170391082106197e-01
-5.3211163351358892e-01
-4.3972672397909585e-02
-2.3513748280935713e+00
-1.6267590145480122e+00
1.8994412009671119e-01
-1.6208248937028267e+00
3.5099230194645020e-01
4.3736131133214096e-01
-3.8184097274860335e-01
1.3168065779012801e+00
1.5926515651102469e+00
-1.9636240857212388e+00
-6.8725931598921014e-02
1.0155978569066486e+00
1.2555499769535305e+00
-7.7161908937747281e-01
5.1482432711716729e-02
-1.3871607568260995e+00
-6.2600189817395713e-01
-1.3362377905832721e+00
6.2199042578704422e-01
-1.3873734921263858e+00
5.0753904630385005e-01
9.4046228777450225e-01
-8.7307161676868872e-01
1.5316490360028350e+00
-4.1719988349220954e-01
4.9214823047138712e-01
3.7195409555960046e-01
-1.9056069892071303e-01
-1.1953233445715132e+00
2.4306081840711513e-01
-1.7785599961786454e+00
-1.2149119513216629e+00
-1.0754011026759795e+00
-2.2215184468590401e+00
2.7717000653847113e-01
6.3028528312795562e-01
3.6559498050433437e-01
-1.5997794978719615e+00
-2.9135306683312134e-01
-1.2803690061647286e+00
-6.5824103511557785e-01
1.5979051247283267e+00
-8.1113727276002412e-01
-7.8129226176374189e-01
3.2971996206941773e-01
-5.2754530699090231e-02
5.8328338389614864e-01
1.0863809660242554e+00
6.0119000735258865e-01
-1.2685871068433614e+00
8.5552942713765079e-01
-1.0742605761237742e+00
1.5547768562547470e-01
6.4253940432296264e-01
-1.0784831766172508e-01
1.7793571457828389e-01
3.5427360064798286e-01
1.0850365568773346e+00
-1.3273013892361281e+00
6.5232982958857111e-01
7.0415011289902230e-01
6.9670312509057961e-02
1.7467734818101772e+00
-1.7931887737185730e+00
9.4819087294104731e-01
-4.8832054111388606e-01
7.0854841479358477e-01
-1.6959907221946036e-01
-3.1108922048634968e-01
-1.3296195692393542e-02
6.0483515948532562e-01
-2.7094587126537073e-01
5.1105960087243252e-01
8.5681028946227178e-01
8.8945469141999689e-01
-1.7576174756963645e-01
-1.2716871514400556e+00
8.9421886115834914e-01
3.4806971546607980e-02
3.1593268237206462e-01
-3.4351490276947427e-01
9.6039980467971942e-01
4.9411259189951678e-01
1.2853951792278848e-01
-9.1217676215558574e-01
7.0656438928712040e-01
1.3216119767382251e+00
7.1355381877321067e-01
-1.5519901846791651e+00
2.2279581561688522e+00
-3.0409659843354824e+00
1.0259588398172036e-01
8.1435543970327640e-01
-1.5502786673655840e+00
-1.4519835934984076e+00
-1.4116667338386135e+00
2.2680580882553967e+00
-6.3479325412452742e-02
4.5256833670759272e-01
1.3026582736463115e+00
7.3697372774715417e-03
1.3936596496339329e+00
-1.2060306164290850e+00
2.0678745808592436e+00
6.4192922386067530e-01
1.5523593681618286e+00
4.7004522631672846e-01
-4.0775051962849657e-01
4.4429322030872948e-01
3.7184128118801167e-02
-1.2386235189344799e+00
1.2025346810888029e+00
-1.2842279223582269e+00
1.1142502255879069e-01
1.7006029496894484e+00
-4.6253664352764540e-01
-9.0497387678101149e-01
3.8876072238304138e-01
-2.5630371483994685e-01
2.9404565760279566e+00
-5.5978951030163027e-01
2.9306131468002050e+00
1.2200314711021123e+00
1.4423496434632976e-01
4.2453322761647705e-01
-2.0185596853421225e-01
6.2995587360290939e-01
1.4207246971682427e-01
1.3090103449186135e+00
-9.0452118084199817e-01
7.1307493920328757e-02
1.6038309452023771e+00
2.1046682306236910e+00
-1.6466499095029281e+00
-4.7348602413402781e-02
-6.5047769812259260e-01
-2.5467458367611315e+00
1.4072629484303965e+00
-5.2824347271624261e-01
4.5476442865457956e-01
-9.6814251304826504e-01
5.0610226198247532e-01
5.4057530040605040e-01
-1.3202197807759772e+00
-4.9876176590754068e-01
-8.4972279730258804e-01
9.6815656550802043e-01
1.5732003402991990e+00
-9.8715223022952725e-01
-6.8573137715505161e-01
-2.0840976060573229e+00
-1.3751027527862825e-01
3.3121805600357490e-01
1.0961185007762044e+00
-1.5970794373884996e+00
5.0191537463554414e-01
-8.7996709841157594e-01
-7.4479171539558908e-01
1.2176543716379926e+00
1.1544900474753974e+00
8.5146067824265736e-01
-4.7646097785039482e-01
-7.3138035500302678e-01
-1.6170987105413773e-01
-1.1056894095090084e+00
-1.2597082996411975e+00
1.4068001952818008e+00
1.4172848593977889e+00
-1.0894181268313643e+00
1.4549015723637824e+00
2.8693647391830229e-01
1.8149676724399846e-01
-3.7159962363305046e+00
2.3511907107368671e-01
-1.2359548384322619e-01
1.8320434378716191e-01
1.3466052897206104e+00
1.0319465668679781e+00
7.9045275760241984e-01
9.3883417133216018e-01
7.6043255953505362e-01
-5.5897967638524365e-02
-1.8215438096789272e+00
1.1565884238941697e+00
6.6777022597006974e-01
-8.9835150562484312e-01
-8.5906607795896917e-01
6.9871396697968369e-01
9.6452490912095912e-01
1.7158643340360122e+00
-2.1172490832923493e-01
-1.6409133338280807e-01
-4.9347935895352574e-01
1.6098939628685403e+00
1.6250847521551062e+00
-3.1862196621950600e-01
-5.3361698432584781e-01
-4.0683074665877800e-01
-5.4914790414509274e-01
7.0386524797443739e-01
-3.3947367228729828e+00
-1.8799525294335681e-01
1.1260365438986721e+00
-4.8593077974264420e-01
-1.5178512040884773e+00
4.5998191227905588e-01
7.3691489886295469e-01
-1.4207304564156042e+00
1.5158382268596984e+00
-1.8387023278281467e+00
1.4700069957130693e+00
9.3931987578576570e-01
-3.4704613596056222e-01
-1.3907666774750147e+00
-1.4973934584896698e-01
1.0772489841667883e+00
-3.7034628211087592e-02
-8.6077131116071615e-01
8.6536714185231189e-01
-6.7922866837041940e-01
1.8279950443014351e-01
1.6165668853646640e+00
-4.2229004187304403e-01
-1.7084287951251675e-01
1.9697657528059288e-03
-5.5713884419061355e-01
3.0468356846590783e-01
7.4277168642393865e-01
