N(0, 1) n=800 0.1
0 800
-7.1056364040187991e-01
9.9454204942674873e-01
2.0574615596749407e-01
1.1187668368644417e+00
-1.1618707644323136e+00
-1.1342165661718415e+00
-4.7719414660407598e-02
-2.2222248640002457e-02
1.6000307471866448e+00
-2.9311740321722731e-02
-2.1098094659262516e+00
-2.1050703961930786e-01
4.4619644963075016e-02
1.4167556976611306e+00
-4.6765349583657834e-01
5.3938411692613297e-01
1.8847768188147924e+00
-5.2962847877998087e-01
-4.7632444802708107e-01
-2.2446500611853329e-01
-1.1363463891708343e+00
-3.9420523842056787e-01
-8.4587805856215159e-01
5.4606234718596636e-01
1.5638360730431609e+00
-5.9469768749934870e-01
1.8722032705002243e+00
5.0676006674093950e-02
9.1113260420232711e-01
3.9151335685126532e-01
-1.5357372654201221e-01
1.9271873291878372e-01
1.1941427217098315e+00
1.7058598071690210e+00
4.6998019514350120e-01
6.4832609988147405e-01
1.3167069330939416e+00
-2.5004445358464016e-02
-7.1929138891366917e-01
9.7108197997262924e-01
1.3441293207534204e+00
1.3339834556953570e-01
-5.9013748786560605e-01
-5.8173089521929922e-01
-2.0444938334711554e-01
-5.7148218527877981e-01
2.3407818930908726e+00
-6.8951943029792351e-01
2.8200378795723385e-01
-1.2778446813591793e+00
1.4106798887903453e+00
-4.5774433199107023e-01
-8.5104258348693729e-01
-1.7638264094876130e-01
1.2335085362135314e+00
3.8945122733036346e-02
8.1091404008901202e-01
-1.1331487504837776e+00
-1.3241307434276315e+00
-8.6077734820377538e-01
-1.4153290500709832e+00
7.1462570177875706e-01
1.9450443229367040e+00
9.6530480138214281e-01
-9.2488825166797878e-02
4.7156750131478957e-02
5.4618365614895981e-01
3.3834417691049534e-01
1.8580516658775228e+00
-3.1458181394084905e-01
4.2117456622046462e-01
-9.0961389127739822e-01
-1.0187620042776779e+00
1.7667345866038189e-01
-8.6904971370317430e-01
-1.0700538645916831e+00
1.1018940671083612e-01
-1.8204074015650029e+00
2.0080456234222130e+00
-1.0905705596737600e+00
5.6983876753487939e-01
-4.0748369448036718e-02
1.3026624774561504e+00
-7.9516748950423433e-01
1.4471436808260996e+00
1.3034384742774103e+00
1.8337096156372097e+00
-1.0065711044859704e+00
8.6651534160111032e-01
-1.9627870311278977e+00
-1.5302210009008712e+00
1.4732514457559454e+00
9.7318228792825784e-02
3.1627169548595996e-01
2.9922466961428645e-01
-7.1606609972775725e-01
7.6732931747792266e-01
-1.2784074050137240e+00
-1.0809882942378712e+00
-1.3627751210815360e+00
1.1063395618142022e+00
-3.8459622053043674e-01
7.3487831287975958e-01
-8.9544093777682909e-01
1.2488055687898374e+00
-2.0118854495669158e-01
8.0707586497039518e-01
-1.0368812647922903e+00
-4.9760582924027069e-01
-2.6184381321048406e-01
-1.6108652487795865e+00
-1.6912346938826615e+00
-1.2116446749840450e+00
2.0163495130247527e-01
-1.8155441970933590e+00
-1.2002426838267386e+00
-1.3141773392566372e-01
-1.1002183944609727e-01
9.0152304388340168e-02
-7.7898058705404183e-01
-1.6764263858184808e-01
1.1815760877973758e+00
-7.6381276981020718e-01
-9.0550607996151833e-03
1.1483196693460942e+00
-7.5973170695124914e-01
5.8821375751076865e-01
-1.5874489932781528e+00
-4.3626951595299474e-01
-1.1238896886456500e+00
1.1044934987209389e+00
4.2995809951178537e-01
3.5601134107754097e-02
4.8839839842420074e-01
5.3047286684833905e-01
-5.1205857373119068e-01
1.8050182283164018e+00
-6.3195372179977638e-01
-1.6062895397851886e+00
-4.1693352057395777e-01
1.8049319344999484e+00
-5.2349780419580971e-01
-4.0486789682159752e-01
2.3880191238557784e+00
9.4644005708289569e-01
2.1027764448204744e-01
9.7410982308844185e-01
3.0604212545790149e-01
2.3174633067161710e-01
-1.5748314413591688e-01
-8.7591476653607880e-01
-2.0101985182991083e-01
8.8809339312813451e-01
3.8813371580149253e-01
4.3884044691234741e-01
2.1174581965997867e+00
2.9537206019134028e+00
-3.5475557816611031e-01
-1.5199014920567533e+00
-4.1916105603517312e-01
7.9067359993284750e-02
-6.9639825857530535e-01
2.0278316370644239e-01
1.2248553337862251e+00
-5.0181081852996723e-01
-3.7283678373150447e-01
3.2426856460454673e-01
-1.7727317997938246e+00
-2.2046491888839945e-01
-1.0510733946404440e+00
2.0549687512603598e-01
-2.0767997941389496e+00
1.1985640492196639e+00
-8.8491636937810592e-01
2.0423727535616953e-01
3.2620216785380612e-01
-2.0762188740597090e+00
-8.5810186859644103e-02
2.2640517744471738e+00
1.2884342233538082e-01
2.8953378627421761e-01
1.5508263160886537e-01
-1.5351837004212112e+00
-1.8518687256764919e+00
-7.4548844980905438e-01
1.9044539185719942e+00
1.0652162983601501e+00
1.1339851630181228e+00
-1.2927637052653118e-01
6.3737153805519386e-01
3.5178703546384554e-02
7.6629585011270374e-01
-5.7723047714797859e-01
6.1113630916285366e-01
1.0144765412524538e-01
9.0718279444676508e-01
-6.7346829166896313e-02
4.7907293127998546e-01
1.0613465154974325e-01
-1.4346478473464890e+00
-1.4029285631424699e+00
-2.2423236083500686e-01
1.0451919128959553e+00
2.4131308125898004e-01
-1.2294846429601095e-01
-1.1546087315170268e+00
3.5674332658172436e-02
4.4533456394927767e-01
1.5228017168107961e+00
-9.4519801461142761e-01
-1.6777985328194862e+00
1.0435271078330499e+00
2.4647609839778317e-01
7.9199205691943372e-02
-1.9561521054569224e+00
1.2655067399405380e+00
-8.8903897397952536e-01
-8.7803400525751252e-01
3.4839698439125993e-01
-2.3408407087907546e-01
1.8365509868665748e+00
4.3773660214634846e-01
6.7937939976115691e-01
-1.1654865816358834e-01
3.7795509940712657e-01
-3.6445749683068063e-01
1.2435207102701253e-01
-8.3833331177024806e-01
-2.6677065074337225e-01
-1.0830877130623091e+00
-8.1069061089922645e-01
9.7532824015481648e-02
1.5094521047727982e+00
-1.5957127798677775e+00
-1.0716257307446427e-01
1.3953394925663052e+00
1.2420912925829697e+00
7.8110277762385993e-02
1.7622021401145889e+00
4.3831062004761119e-02
-1.8259300070286419e+00
-1.5911666893648497e+00
-9.7146708476779209e-01
1.1075297264055635e+00
-1.3341161860009458e+00
9.8323661279213326e-01
-1.3396009978585273e+00
-2.0047592013045166e+00
-1.9472114852385602e-01
-3.1563128767150511e-01
-5.3648885991282158e-01
1.0595582587514323e+00
-1.4306565277673899e+00
-1.4050323355962751e+00
-5.2906304173603591e-01
1.1717155559235977e+00
-4.1959044236102644e-01
6.9799427150683202e-01
-1.1273571667115660e-01
-1.5532159221886586e+00
2.4336074265823383e-02
-7.7361451766993161e-01
9.1341228311015543e-01
-1.2860741313101592e-01
-1.1391893646659985e+00
-1.6045349030287648e+00
5.3507686353599249e-01
5.3718389413771883e-01
5.4115415584071666e-02
-5.8499623666232577e-02
-7.9386791329521889e-01
-2.3916441941395114e-01
6.7540408807548613e-01
-1.1669735989086372e+00
-3.8099949008336625e-01
-1.7737011713699269e+00
8.3376869002442011e-01
1.1121391938561877e-02
1.2410408429258168e+00
-5.5737596324121036e-02
4.3897862542655292e-01
4.6855092253083702e-01
1.4414240327305661e-01
9.1810558553383312e-02
1.2361398266315728e+00
1.2836529486043080e+00
3.7358542281948720e-01
-1.0570672351004113e+00
-1.9353115587277462e-03
-6.9029947378395584e-01
1.0445966083181828e-01
-4.6814101468103825e-01
1.9449496867055527e+00
1.5915800063570424e+00
-6.4415438218876597e-01
-7.0407769470441295e-01
5.5983306962803026e-01
-5.7425267367552502e-01
9.1705166771805047e-01
5.4486809337621445e-01
2.1151169556124724e-01
7.1910694376718198e-01
-3.3524452740905530e-01
4.6699079081131034e-01
2.9369542226286299e-01
-8.2719155217605100e-01
-7.9833269387642014e-01
4.0931001538800649e-01
-1.2701156500845348e+00
1.0141988395718482e+00
7.2289071668840510e-01
1.5550236870838336e+00
-2.4513566104014795e-01
1.1951458237893338e+00
5.5607299590302028e-01
1.9112266027243086e-01
1.8305728681251418e-01
-8.7248225974802418e-01
1.3480240464648419e-01
1.1107121201502586e+00
9.6172332352299017e-01
-2.5001984996148124e-01
-1.3331566801548860e+00
1.9530093120936604e-01
4.5059097086881933e-01
4.1986354626940905e-02
7.8368406913870126e-01
2.4867713829424434e-01
3.8709421144010847e-01
-1.8012749814559275e+00
1.6500279036650958e-01
-6.6003459963354649e-01
2.1722446671411502e-02
-9.4843063420940910e-01
9.5236770394559334e-01
8.4505179419363877e-02
-6.9264566950835815e-01
1.9044011585465388e-02
-1.3001845804234860e-01
3.8255419845969324e-01
1.8813613969685703e+00
-5.6931776161123704e-01
-7.2530576335667563e-01
8.5835356361529211e-02
8.9076711137337383e-01
-7.1052424090129851e-01
2.3124378399124206e+00
-1.4089503389704359e+00
6.6418923862086965e-01
-5.3042275845713116e-01
3.2639206645245755e-01
-9.9903701121819968e-02
-5.0918636765636915e-01
1.2255859215730187e+00
-2.3054053596616351e+00
-4.3730576434549223e-01
-6.5450549343823106e-01
4.1417419424629948e-01
3.7844389623182351e-01
-1.4121138966502891e+00
-8.3502396239157051e-01
-6.0571891332755812e-01
-4.1912128687175199e-01
-1.9785404125667810e-01
3.1773733955801992e-01
-1.9899574088939045e+00
3.4543867525796651e-01
-5.4914530542206152e-01
-2.3700350692908986e-01
-3.8579277235581872e+00
-4.4984272845112366e-01
-8.8294423829023763e-02
-7.1377350695577235e-01
-1.1513547455505737e+00
1.1656484347697744e+00
5.0909428655225608e-01
-1.2263889435554203e+00
4.6797035702090228e-01
2.0796004039342182e+00
-2.3472586400364635e+00
1.3619056609652809e+00
-1.8421261239398570e+00
-1.5451384373278112e+00
7.0562458732826583e-01
7.7491470347113245e-01
1.5538039428690011e+00
8.2407818239528530e-01
1.7445992410736924e+00
6.0030765068446801e-01
7.5955561278066597e-01
5.8133289509491726e-01
1.6138748565354515e+00
2.2751950808752865e+00
1.8850349405679070e-01
1.8318920820012663e+00
6.8749783315930527e-02
-7.9514061632388222e-02
1.0821607009692729e+00
-1.8441739404063012e-01
3.8673410216702886e-01
-1.4726561171668120e+00
-2.8540002938632587e-02
9.0574867577284598e-03
4.3400662008300978e-01
2.4035281783453782e-01
-9.0639394506227255e-01
1.7600126803128655e+00
-9.1155765790044752e-01
7.0306968171458717e-01
4.9079201124049045e-03
-5.0145603548740514e-01
5.0029623950388145e-02
-1.5595917956973913e+00
-5.1302110374905241e-01
1.6393766270856622e+00
8.4798819247392895e-02
-1.4590379591864657e+00
2.8948969391318602e-01
-3.4760159067078206e-01
1.1103512907884681e+00
-5.5656475743213363e-01
1.4118591378963039e-01
-1.4804265266878947e+00
7.4119509308430143e-01
9.1230258043571888e-01
-6.7844128013530935e-01
-1.6388114203577070e-01
-2.3105235694011825e+00
5.8575412209746858e-01
-1.2015498257506738e+00
-3.4162985832251136e-01
-5.6708192244053801e-01
5.1260289547597548e-01
-6.6191584329036091e-01
3.0827983012327509e-01
2.3805405397928983e+00
7.3753855358783607e-02
9.6872755621963758e-01
1.6657047137097540e+00
-2.4329669905646809e-01
1.2037952517196415e-01
1.7319103142623369e+00
-1.6863062532220281e+00
-2.9356267968435740e-01
-1.5659733538341680e+00
6.3572194648934444e-01
-8.3468779479156208e-01
-8.3114663457626115e-01
4.9890286751344293e-01
1.7893258496523869e+00
-5.8118372581637201e-01
1.1807550687561352e+00
1.8715946475585483e+00
-5.4982851237994712e-01
2.4973946031781058e-01
-7.5242713337674305e-01
-7.5113055807879625e-01
-2.9267753905593602e-01
7.2288352008601275e-01
-2.4350096133253318e-01
-1.6944372121344969e-01
3.1392306711472906e-01
1.3451206385381140e+00
-1.4097958749937360e+00
-1.4541625675383360e-01
-2.7665026031576107e-01
-5.2541635800619624e-01
-9.6314404118769681e-01
-3.0755474968724994e-01
4.7599896886509435e-01
1.2759549631519416e+00
1.3245759804203143e+00
-1.7746195856916924e-01
1.4755124133697990e+00
-1.0225024211866975e+00
8.1588309888656374e-01
2.3617910270978419e+00
-6.4346759695792566e-01
-9.7809292088536004e-01
2.9269149048771126e-01
-7.7261457520714930e-03
-7.9519040776202643e-01
-6.4614553757206716e-01
-9.4647296968131234e-01
-3.8022717663741024e-01
4.2398488453751174e-02
5.1573629410959265e-01
3.6877752837548150e-01
2.3774330245629098e+00
8.3759683149001418e-01
1.5475827487691423e+00
-1.0172139431305978e+00
-1.2574918669330599e+00
1.2789027398995445e+00
2.0956843765807465e+00
-4.9302941372691261e-01
2.6133447633887235e+00
-5.7581038393169019e-02
-2.1650260568752414e-01
1.9746784644551409e+00
-2.8992847724421367e-01
-5.8978543411828066e-01
3.5655526512342395e-01
7.5516794969436074e-01
-9.1983853768795687e-01
1.4040327228849689e+00
1.1501145952785197e+00
3.4035058502079463e-01
-9.5997522329165541e-01
7.6718110959552421e-01
1.6693110553052999e+00
-2.1079010414330281e+00
8.0020263673436301e-02
-1.4282512343411218e+00
-4.6624303154176638e-01
1.0793788239829027e+00
-1.4543194936532982e+00
3.7476867735180291e-01
-4.6475337540538969e-01
-5.0196003911590648e-01
7.0362756364840939e-01
-6.4895988664867987e-01
-8.9988302940589571e-01
2.7343690970840584e-01
2.9968461660324530e-01
9.2927931975735922e-01
-2.3024457625213466e+00
7.3635951322899895e-01
6.1316590464547494e-01
1.2658936095547471e+00
1.6510515961013383e-01
-4.9961273926626726e-01
-7.5011863106749210e-01
-7.0586120252349657e-02
-1.5395823413888738e+00
-3.0919843482726761e-01
-1.1341997054925915e-01
-4.3981216021790649e-03
-8.1307230903175065e-01
-3.0517620273145857e-01
-1.6472630428408594e+00
2.7588055858387919e+00
-1.7318686271994807e-01
1.0220035035735040e+00
-1.4611203681888535e-02
-1.8306180859430915e-01
-8.9560516638765256e-02
7.7572863978448270e-01
2.6269968786645270e+00
5.9151250608549144e-01
-4.9030380416503289e-01
-2.3735285937719022e-01
7.5304267183677043e-01
8.7637942739030417e-01
-1.1235006869708413e+00
-2.9198946780387669e-01
-2.2820264682265876e-01
1.0575992960749767e+00
2.0427963678847498e+00
-1.4610949957582544e+00
-7.5043526895436741e-01
1.8076175399085559e-01
5.0196735432675466e-01
1.0592828537318792e+00
-1.0533005269594828e+00
-1.0943381011090838e+00
1.5298799241636911e+00
-1.4776605717302743e-01
4.6911880720811650e-01
-5.6123866474029926e-01
5.3035788647052340e-01
-1.0906818626889077e+00
-1.4843293076151236e+00
-2.7875927248355681e-01
-9.0862604350984214e-02
-3.1950480914893714e-01
-5.8171164405558562e-01
-7.2414862841910976e-01
3.7729740440024723e-01
1.2604538079840408e+00
-1.4250463097771078e+00
1.8405701447814524e+00
-7.6695287219217645e-01
-9.5722755339772614e-01
1.4645481559241948e+00
5.6837556300196812e-01
2.9870421651430884e-01
2.2073584981964306e-01
2.5628485556056063e-01
-7.9650390456283959e-01
-2.8738802189559509e-01
8.3924393848365825e-03
2.0826551727296563e+00
-1.1345283582953378e+00
-8.2762216796987587e-01
-2.8040929471368037e-01
8.8763842403506055e-01
1.0724569328697289e+00
-3.5421165045814218e-01
1.5472486282349103e+00
1.4140247780881392e+00
3.1895166572553602e+00
1.4692361910094631e-01
9.2624195169864076e-01
1.7439355200435416e+00
-2.3339825668882586e-01
1.6426420761316303e+00
-1.2664486508086101e+00
-1.7448599455171174e+00
-2.9564059140175308e-01
-6.3550904042563228e-01
-4.3808117518816214e-01
-2.5464117855558388e-01
1.9215662538414167e+00
-5.8241956397666450e-01
2.1529863184029002e-01
4.6046801072830029e-01
-3.9899788825202370e-01
7.2403876193475747e-01
-9.0628865936023051e-01
3.8659155044619997e-01
9.0033789867907699e-01
7.2318677801849041e-01
-6.2205487819549843e-01
8.6463526631559595e-01
-9.4306007243862322e-01
-1.8952158212018728e+00
1.4290297546246327e+00
-1.4917886349994702e+00
1.5012440813995698e+00
1.6871685291146394e+00
8.5034275862333891e-02
-6.8325801242126105e-01
-7.1870097401113098e-01
1.8379600892994413e-01
1.8842499736205529e-02
-2.5078473584093417e+00
9.9728368596695949e-01
-8.7721825152514907e-02
1.1649189017446235e+00
-2.6686491948974447e+00
1.0745386051324788e+00
1.9883597619556206e+00
-1.3563867812938515e+00
-7.2306280439339454e-01
-5.5114766244899560e-01
-1.7322733566254054e+00
5.7857427923441607e-01
1.2714304734386030e+00
-3.4394900898486180e-01
2.6097426327763979e-02
1.5931434148467527e+00
-5.1991957486290075e-01
-8.9405252858933948e-01
7.9174139309059177e-01
8.6202685444269478e-01
1.9339613701966858e+00
-2.7213375004960150e-01
2.5823518469353393e+00
6.7742588739509457e-01
-1.8115042711060232e+00
1.1285551034354635e-01
-7.6196156005091209e-01
-5.4929078205189041e-01
4.0874424896833100e-01
7.3189697161766576e-01
-3.7977184516811330e-01
1.0002522956517037e+00
6.2125157660525079e-02
3.4056586003476480e-01
-2.1001536128205253e-02
-1.9357296796441453e-01
1.6318445393117949e+00
-1.1671426106054330e+00
4.6464855891823215e-01
7.4523526544085317e-01
-5.1036302827296209e-01
4.6978989096547569e-01
-2.4314621296845881e-01
9.5115647626171806e-01
-3.0026058023529156e-01
1.1225847754773688e-01
7.3965309254829748e-01
-6.0957109777303831e-01
4.1708560821971147e-01
4.5459616046230061e-01
-1.6513065327183230e-01
1.2257252583224212e+00
2.2703519414584892e+00
-6.6931369456992307e-01
-2.2552902052241883e-01
-1.1776766304265474e+00
1.5767034229751515e+00
2.3054743846536410e-01
1.4007681352644577e-01
1.7574392220045010e-01
-8.3384817668109257e-01
6.0788450437478714e-01
-6.4850251422292593e-01
1.9840183745667114e-01
-4.8186760855162764e-01
2.5576483730592989e+00
2.1800311515632802e+00
-1.5140294025280715e-01
9.0601863925269122e-01
1.9177754071877759e+00
-1.0714327227300267e+00
-2.3581680868186039e+00
-2.3289627193984841e-01
-1.3779273215734569e+00
-9.9899209951322054e-01
-3.6706485839357134e-01
7.9213488633618023e-01
1.0194557537341535e+00
-1.4751852738541942e+00
-6.0094931898160661e-02
2.6177262844070075e+00
-1.7536264664789247e+00
1.9123134847278991e-01
1.3659013909943591e+00
-5.7501858087744884e-01
6.5969950022251855e-01
-1.6269777599556194e+00
8.5269006150752547e-01
1.1560005912168965e+00
9.5016762015694911e-01
-1.8146792249069790e+00
-3.3234459169090222e-02
4.0349393522444277e-01
6.4794484384716555e-01
-1.0968736211316428e+00
-1.3665984381790636e-01
3.1582406009103120e-01
1.6040545539493505e+00
2.6666488542309246e+00
2.2835797329587568e-01
-8.3245731959097247e-01
7.9663030684996561e-01
-2.8894269492790570e-01
-1.8074168731511895e+00
1.8049370470215180e+00
-1.7624377216327272e+00
-2.0011525977390532e-01
6.5645692449070847e-01
1.0643418077090849e+00
-3.9266269465038450e-01
-2.2233452657092920e+00
7.6687262943984158e-01
-1.3626869544676018e-01
-8.9216203467005584e-01
1.2275138303046882e+00
-1.4498556379049681e+00
6.5897904199801571e-01
9.7060025735257227e-01
2.9872683914503678e-02
1.4646245115880403e+00
-2.5558113040180525e-01
-9.5174310678520535e-01
1.4117479871830600e+00
-9.7856861250383440e-02
6.5716599194983305e-01
-2.4997807816167046e+00
-2.5924690542138007e-01
4.9083570356888484e-01
1.8480398271397240e+00
5.8804134140828890e-01
4.3637949344151289e-01
4.7246412414675576e-01
2.1085659492672657e+00
-1.2382856450463102e+00
1.3286564211780774e+00
-1.4996789851422980e+00
3.0316151387752177e-01
2.0559125239008499e-01
-1.5550027191101994e+00
6.5731359789606691e-01
1.3577603008192085e+00
-1.4314622625740017e-01
1.4221445314387138e+00
-1.1078255374653196e+00
5.8657966103429193e-01
7.7822647654965726e-01
1.5303149314143525e+00
-6.4790628700858377e-01
6.1354485780691005e-02
1.7243084682938192e+00
-5.7161595458647418e-01
1.3265238788049587e+00
2.0104432187249404e+00
-1.6862624554578638e+00
-8.4603396069827619e-01
5.8081729709739327e-01
6.7272236062570112e-01
-7.6319947443676972e-01
-3.7295577069435792e-01
-2.4133118725431628e+00
-1.1601739773041946e+00
1.0295582693942700e+00
-3.5688080282251722e-01
7.8540328444869822e-01
