N(0, 1) n=1000 0.3
0 1000
1.0430724774272533e+00
-1.2591722580540794e+00
3.8427161717453356e-01
-3.9602594513519629e-01
1.4721189246890135e-01
5.5584524508205924e-01
-1.4150594219293817e+00
-9.7364739866154681e-01
1.2006374420172668e-01
1.3325516679187663e-01
1.5682952535550885e+00
-1.1215701140480773e-01
9.7957921784777552e-02
-9.6813354135052709e-01
5.4518975482306782e-02
-7.9030892877599512e-01
-1.1795638031030271e+00
-1.3490311451614936e+00
-9.7197173957874833e-02
1.0725464063915293e+00
-5.5587388212846400e-01
-5.6108238805976351e-01
5.5492507400518398e-01
-2.4373380576556127e+00
-1.0631042690298540e+00
-1.1612364894350236e+00
-7.2587623658836042e-01
1.2156924549636370e+00
4.9525594543754298e-01
2.6085846135296231e-01
3.3135010989236546e+00
-1.4684785254610464e+00
1.5821220785007020e+00
-2.8775246797847636e-02
-2.1430526214321746e-01
-1.7452264586648125e+00
5.7897588859270799e-01
8.1275900584649841e-02
4.0174829261838024e-01
9.1364646231215069e-02
-1.0773966829614117e+00
1.5938454308221168e+00
9.7906476207464033e-01
2.0348327356200282e+00
-7.0625705023569851e-01
-3.1336184307263276e-01
-2.4950914221658980e-02
2.3852182137135958e-01
-1.2000237729185205e-01
-1.4759555853874280e+00
-9.7042616231902148e-02
2.3255396852692375e-01
-1.2103195299630973e+00
-1.5209438280552399e+00
-6.4951717777820916e-01
3.9333080855251973e-01
1.0724766864136195e+00
6.7568627228072065e-01
5.4024666803467780e-01
-1.4236860184713163e-01
-1.4558873188326573e+00
-1.1053173330648636e+00
2.9971839372711906e-01
-1.1606894428089258e-01
2.2859133267770129e-01
6.7501362392883343e-04
1.8377841641369339e+00
-5.1026668263322372e-01
-1.7946179089827985e-01
2.9864179607412400e-01
2.3364930926235941e-01
-5.3016554917850323e-01
1.2402527272046224e+00
2.9521216590777916e-01
-5.4440614157516798e-01
1.0998678504830142e+00
1.6890379034863992e+00
-9.5857407414998963e-01
-1.4430006929310699e+00
-9.6833910101106715e-02
1.2824488468630739e+00
-1.0903082184864705e+00
7.4587409843383257e-01
1.1971954215952794e+00
9.3426781149555504e-01
8.7280662915889429e-01
-1.0252681148937326e+00
-4.2043812048983742e-01
-4.3669392888784471e-02
-3.7583564783347845e-01
8.5641342593229342e-01
-1.5497541393017022e+00
-1.7485448054416661e+00
-4.7919386197386754e-01
-6.1841793724630389e-01
-5.3076581092693816e-02
8.0695732670387010e-01
-1.0209491252644156e+00
2.7288048217405358e-01
-6.3460304092914677e-01
4.6813393867528857e-01
-5.7918790040332468e-01
-1.8241582747799873e-01
-1.8202530184947050e+00
-5.9164975408146325e-01
-1.9249027639168708e+00
-1.5045420050582023e+00
-5.0705401820558282e-01
-1.0128773273819520e+00
-4.2166243395462932e-01
-7.5758690424938169e-01
-7.4173909736330079e-01
5.6739695154593783e-01
1.8280588463396141e-01
1.5885963056450115e-02
2.9395720165184153e-01
-1.7366610766517296e+00
1.6386494975862578e-01
2.9629311606808117e-01
-7.5837794549959658e-01
-2.4098066117002528e+00
1.0749107788174417e+00
1.0955705320049278e+00
-3.9726166321520084e-01
1.4706918935670925e+00
1.1410807690323206e+00
-6.6427893173476094e-01
4.5049836017753953e-01
1.9989502340883400e+00
-6.6819531371734164e-01
-8.0633096224265532e-01
3.1157057193366522e-01
8.8293253248503734e-01
2.4044182379583179e-01
1.5912449824503598e+00
6.3288586172214958e-02
-6.5893568949984538e-01
-1.8477245907852222e+00
7.9344029866007271e-01
2.5077599055899685e-01
-2.9497905650458907e-02
-7.0465805685956873e-01
1.3007915481388610e+00
4.7408624248693776e-01
-1.2912270526392307e+00
1.9100933639086731e-01
-1.4070094795436050e-01
-8.1556607278769422e-01
1.3791557426721655e+00
3.9346710217687098e-01
1.6117462989749609e-01
-3.9542141531365022e-01
-9.0592672204963065e-01
3.0703258804623867e-01
8.8076772287616401e-01
6.7934039356270981e-01
-1.6543839024949722e-01
2.5341502661609588e-01
-7.2255066845216587e-01
5.7459325205012457e-01
6.3998279769744260e-02
-2.3823830235339665e-04
6.2609994527259516e-01
1.3619623956928675e-01
-4.8315312417650808e-01
8.6940151019271861e-01
7.0641680064218915e-01
-1.9129057372359279e+00
2.8157042134716870e-02
9.1119971992563675e-01
-3.9308139996016900e-01
3.3246229497051089e-01
-3.4159428634324329e-01
5.6570426115385464e-01
-3.3713106194954373e-01
-7.7338896040652105e-01
1.1010907113210844e-01
-4.0261491196612254e-01
1.3554126691868382e-01
-1.0000401516064064e+00
-7.8964882720687146e-01
-2.5964162331579237e+00
-2.5721811343794587e+00
-5.3362520619339360e-01
5.1770960378312825e-01
4.0287463643831972e-01
8.7356143411948539e-01
-2.8194672343312682e-01
-1.6073633182951935e-01
8.7770989688149792e-01
-1.4360448901051268e-02
-4.4218887706686910e-01
-6.5949258547015477e-01
-1.1010163589268356e+00
-1.6008618117579299e-01
2.4569994510022403e-01
-3.6411742596188251e-01
-1.3116694485289715e+00
-5.5987090560849462e-01
-5.4812273900175434e-01
-2.9691789623199134e+00
-1.0067837484922613e+00
-6.9798446068384512e-01
-1.2643492039165605e+00
1.8822324016734091e-03
-4.2140238343944370e-01
-2.5278999576185157e+00
1.3486873683389053e-01
-1.5537692092854347e+00
-8.4216503261401554e-01
4.6704764002627247e-01
-1.5368321995267293e+00
1.3293837671117461e+00
1.2927940256746109e-01
1.3370338294480202e+00
8.3923668481109848e-01
-6.5619866029469745e-02
-4.9748204018149700e-01
3.5663493180294292e-01
-1.5736047877299275e-01
6.8337224981801312e-03
1.2617208606524357e+00
1.9823564758097614e+00
-1.7991229670629434e+00
1.2070096275758999e+00
7.4265574545044977e-01
7.9868048338816000e-01
-1.2605202295033546e+00
-4.2699463946780040e-03
5.5629963373303182e-01
1.6562318081719740e-01
-1.8104587701752726e+00
1.4241747692166590e-01
1.9171458191036250e+00
3.1083310259041336e-01
3.4642336823039660e-01
1.5388235979100733e+00
2.9246704474421081e-01
1.0695380522446920e+00
-8.8597061022256374e-01
-1.5069268075185331e+00
9.9677627835701485e-02
-5.9784165729770589e-01
1.4187545055266999e+00
-1.0370271044881957e-01
-3.9722674192618473e-01
1.2081986142008796e+00
-3.5846667873480037e-01
2.5644779767992221e-01
6.8445793849488346e-01
4.8062931730838526e-01
-8.3620335458470685e-01
8.7424965021296275e-01
-2.5617520824624895e+00
8.8888504648538180e-01
5.2083741543392348e-01
-2.2628521039605980e+00
1.6077458098903710e+00
-5.5220195436084585e-01
1.0453431544159755e-01
-2.7051363772569509e-01
7.9135681845297318e-02
2.5381126179335567e-01
6.8816063150648743e-01
1.0328607033677635e+00
6.8159895094371936e-01
-1.5092866627316556e-01
1.0943670186828522e+00
-8.4372717734730956e-02
-7.7431700154522776e-01
5.8356077999252194e-02
-4.6369292700809345e-01
-7.2842543264431159e-01
6.6232564734176491e-02
-1.2413645966143947e+00
7.2448617996918330e-01
-8.8498785129179924e-01
-2.7977656590724542e-01
-1.7031646952777673e+00
6.0301832112558262e-01
1.4447875255605782e+00
3.4232683203668113e-01
9.8328149413603150e-01
-7.8862936540351114e-01
-3.1116525471003087e-01
7.9586082853676265e-01
-9.3104463639317986e-02
-2.4805878719851909e-01
2.1320251116149217e-02
-1.1027827119137065e-01
-5.6637231011332578e-01
2.2312671438958143e-02
-2.1911134123530090e-01
3.2356865796713491e-01
6.5493289637267704e-01
3.3691919227119305e-01
-4.3237924403651251e-01
1.1947836033218782e-01
-1.8548850076495524e-01
-2.2130155397753884e-01
-6.1299259939446105e-01
7.0425060457962763e-01
-8.1131898116423157e-02
1.3461681512175410e+00
8.5126171270902107e-01
-2.0040184754124027e-01
3.8064276602387342e-01
-8.1108416659546392e-02
-1.4660927748562544e+00
-9.2804652084374839e-01
-1.0358322326575320e+00
-1.0464859791683105e+00
-1.2443091641631747e-01
7.3553169182270295e-01
1.2735471596375478e+00
1.3448730027585067e+00
-1.4652205888444908e-01
1.4358630353358324e+00
8.6022448471801860e-01
6.8629022739903278e-01
-1.2290721873627902e-01
1.0136284907476318e+00
5.7715916033294290e-02
3.2462456640359066e-01
1.2159026451496018e+00
1.4154081936943015e+00
-6.1116303195587773e-01
1.6304251647733077e+00
9.2295440058529532e-01
-4.2249311272688211e-01
5.4809519134082585e-01
-1.2966176793538011e+00
-2.5330458271274579e-02
4.7958233193655703e-01
9.1823653984389120e-01
-1.3175014605200511e-01
1.2255532683105530e+00
-1.2117088365270365e+00
-2.4491906131430108e-01
-3.1274227262359522e-01
-2.0152249289336872e+00
6.0220761492984587e-01
6.0766099160053566e-01
-1.5684795611292537e-01
3.9650591769171539e-01
-8.4670942884223388e-01
-2.5933633924287625e+00
-7.4498476934322633e-01
-3.1337352667256679e-01
2.4207024426992471e-01
-7.1804391873521597e-02
1.0444417872145191e+00
-1.4338131234019236e-01
-2.6410790991501470e-03
4.4659685493170076e-01
5.1218434330212927e-02
-4.8148467996418870e-01
-1.0462495132117540e+00
4.9939483784250782e-01
8.3868327565218881e-01
-8.8770640543522528e-01
-6.2726117229842560e-01
7.2841852334608248e-01
1.4573209177166293e+00
1.1422898983145178e+00
6.3267745893480520e-01
2.1437253698526879e-01
2.3373775222711859e-01
-1.7255219876489234e+00
1.1210720842854260e+00
6.0185321543271275e-01
7.1571775477875788e-01
-8.7052234989032273e-01
-1.4294666898405572e-01
2.1830821039246397e+00
3.3399485356602077e-01
2.7540202744033491e-02
-2.1406551008725327e+00
-3.9106949314487660e-01
-1.0177092818420017e+00
-1.5458819448525014e+00
-6.5612322820930857e-01
-2.5974890137099893e-01
-1.1281917172898825e+00
1.3170343931660931e+00
2.8867857841378219e-01
-1.1510201049402820e+00
1.2085099208829500e+00
-8.7684002240820058e-01
-8.0054835985403827e-01
-2.9991465995691777e-02
-1.5886087293155899e+00
-8.5815758042901980e-01
7.9939060657020800e-01
-2.0613589639565517e+00
7.5764085880827853e-03
1.8618506992831114e+00
2.1475677640878774e+00
6.3048059390538669e-01
-1.0980357505835370e+00
8.6122705912261766e-01
-3.3267853099668947e-02
5.5124699990737325e-01
-6.2726482999031896e-01
-1.9659793772550755e+00
-2.7346829703216169e-01
-7.8671499536376033e-02
3.1156956797485015e-02
-1.8258731532611583e-01
-5.9075181573777757e-01
1.5369484266189739e+00
1.0190443659475698e-01
4.0066520027786079e-01
-1.3135148972685660e+00
-1.9761797553828977e+00
2.5606559228128103e+00
-7.1095919745722447e-01
1.0157705991564592e+00
-3.9009709997419517e-01
-7.6536442424107476e-01
-8.0243179409524712e-01
6.7216667088514959e-01
9.6670244789634507e-01
-2.2320434642460354e-01
9.6366024256264793e-01
1.9016417072717036e+00
4.2874018294071553e-01
-1.2343435661905571e+00
-3.8342035620307574e-01
8.4664184722642655e-01
-1.9409815962264101e+00
9.7887587655499797e-01
-5.3424584031840772e-01
-2.6764812091192800e+00
5.2844215191493724e-02
-7.8346253538087940e-02
7.0595732606047257e-01
3.5100339360438620e-01
-1.1914739861643955e+00
2.3740550907987334e-01
-1.7600892831813118e-02
1.3787036298325439e+00
-3.0728188126273798e-01
4.1039827856915889e-01
5.7472378869151808e-01
-7.0847036488137738e-01
7.4000740189399883e-01
3.4421713487500577e-01
1.1229714190692226e+00
8.3531563068963510e-01
6.0225905382312284e-01
-1.6279759161478444e+00
-1.4536718695708009e-01
-1.5965906949850528e+00
-2.5590575569654182e-02
2.0606309764644957e+00
1.2689582450378387e-02
-6.9904228403722168e-01
1.0839279207666278e-01
-5.1721968620423597e-01
-1.1094575176486801e+00
-6.2584655727203053e-01
-3.2742179708159619e-01
2.5097867854841402e-02
7.7275235360824257e-01
7.7838365316080138e-01
-1.1819203387337653e+00
-3.0396316334662538e-01
8.6704720401295110e-01
-1.6023652243616655e+00
1.1708577765597685e+00
-1.2331815641920105e+00
-3.2701019987909996e-01
1.9142757316591417e+00
2.9658236787004993e-01
9.2829606513976504e-01
-8.8603123739923029e-01
-6.5869410627717695e-01
-3.6745685063868755e-01
1.5891061015551394e-01
-1.2467438952055230e+00
1.1702767138254117e-01
-7.4280675306627197e-01
1.8066067372052988e-01
2.9925512820290062e-01
6.1028107395630349e-01
-5.3181977413691149e-02
-4.4707400568394978e-01
-4.6888585212651257e-01
2.5088245641394413e-01
2.3036023767946567e-01
-1.7839980282505468e+00
1.4233404283503284e-01
-5.7891177545658734e-01
6.1003084225456895e-02
-4.0085899045502604e-01
2.1620400113697835e+00
-7.1113599057430177e-01
9.4049343666301563e-02
-1.9533645662524493e+00
-1.2859308042603474e+00
7.8274257638327061e-01
-4.0827155554160510e-01
2.7056801503520367e-01
6.1627413544669651e-01
-1.0553709246225191e+00
1.1690866987591697e+00
-2.3142704542478268e-01
1.4556473544797788e+00
-9.9484977280775266e-01
-1.9394855593388802e+00
-7.2107146231480923e-01
-6.5990603849782081e-01
1.0655140683289108e+00
-1.0527890727377021e+00
-3.2480411938737003e-01
1.3039286072496121e+00
6.8847556333191073e-01
-1.8829550104061732e+00
-1.3775992438665874e+00
5.5008906378127831e-01
-3.4731985813327877e+00
1.0460709500946710e+00
-1.0717738452034808e+00
-2.2526412929334412e+00
2.0061363701537984e+00
2.7803501327012099e+00
9.2307093868991996e-01
1.4032412486482471e+00
-5.9705240498736933e-02
1.1679025881685090e+00
1.4320238068112094e+00
1.0137196940917348e+00
9.3787075884572735e-01
-2.2023913621006366e+00
-2.2788623941507615e+00
-1.0129340157662809e+00
1.0729008873651087e-01
-1.0792178030360020e+00
-1.6077703858456815e+00
-1.8423224263219258e+00
-3.4648312114925323e-01
1.9642542099427021e+00
-3.4955966312638886e-01
-9.8017880936757923e-02
-9.6257250697202434e-01
8.3150456005765205e-01
9.8276917203388781e-01
-3.4102040876406692e-01
-7.9372958451393458e-02
-1.9794093554359891e+00
-3.0776411320041102e+00
3.3000677432354297e-01
2.4500255389482373e+00
7.2271722222038182e-01
-2.7082403613836488e+00
1.1612961876606173e-01
-5.0003025540662749e-01
1.5928872668384350e-01
2.4407802305018125e+00
-2.1573322706057820e+00
8.5008153114945417e-01
2.8177899588111127e-01
-2.0762042833713212e+00
2.3463041073254982e+00
4.3085800453157769e-01
2.3226207158692769e+00
-3.0778101815828868e-01
-8.8979823721972062e-01
3.6222500053602558e-01
9.7688616570998410e-01
3.6247523209182501e-02
3.0174707076569646e-01
-2.3790175845472247e-01
-3.0934327276424405e+00
-6.9427063586240412e-01
7.2436552534425436e-01
-1.5602210732072452e+00
8.6708008139594528e-01
8.3486728294083046e-01
1.6282278315307752e+00
-8.5606903583597127e-01
-8.3603359160020163e-01
-1.1733534274822497e+00
-2.7453768303010689e-01
-2.2955497847636201e+00
2.6831492808307289e-01
1.0339285630789723e+00
1.7170693669169130e+00
-9.8882939810669701e-02
8.6788799526408444e-01
1.0527904481408754e+00
2.7759963683410993e-01
1.1684079275034433e-01
-2.8571631421764239e+00
-3.6158296506751708e+00
-7.3919074680812409e-03
-7.9462199922643875e-02
8.0052370664248351e-01
-6.1130547970256965e-01
-4.9562388596845069e-01
-6.1260245245116141e-01
4.0654686226583164e-01
-1.0642252724156966e+00
-8.5943742509719617e-02
-5.2651518783766516e-01
-1.7896796106598976e+00
1.4654208602914152e+00
-1.9113583229076381e-01
-1.0047249996074779e+00
-7.1677525143958665e-01
-4.7093001138442103e-01
2.8685469587370133e-01
-3.8589764677702504e-01
-1.0136260715275944e+00
3.9962687766763660e-01
1.5246020924765338e+00
-7.2645925234369590e-01
2.2315657576264353e-01
8.5243069060407584e-01
-2.5257815855749235e+00
6.1504849356840585e-01
2.2030272067478909e+00
-9.0384840716962123e-01
-1.0313720343302708e+00
-2.7858930915891897e+00
3.3936655553973838e-01
-4.4810876491132884e-01
-5.8464368909396691e-01
4.8794073268126326e-01
1.5609182394626600e+00
2.8036676976848041e-01
2.3512494082467816e-01
-2.5480504691335799e+00
-2.4366120160273350e-01
-3.9539589895514959e-01
-1.3568222094237208e+00
8.7031647638089266e-02
-1.1505754104589287e+00
-2.1426716860368389e+00
-1.2477753975415232e-02
-2.1497988353461990e+00
1.6808455350317342e-01
-4.1192012824413099e-01
8.7256806462394820e-01
2.6536426152919499e+00
-1.3849711473518944e+00
-8.3812231371394519e-01
1.3596782799840692e+00
-7.6396768476873611e-01
-4.9956363961258216e-01
-4.6350353186414167e-01
-3.3673624224403476e-01
2.7842897497604420e+00
4.1094738751066512e-01
-1.6080428492713603e-01
6.8647318614606956e-01
-1.4362835093591053e+00
1.0274309600172244e+00
-4.0932888818247570e-01
-1.4411356524681003e+00
-1.0516160911622472e+00
-1.8698285655436289e+00
1.6453651043275361e+00
-1.9619862813849134e+00
-1.0970380303491793e+00
-1.5179922333215210e+00
2.6598703899903078e+00
-8.3480590737263283e-01
-2.2316102001288865e-01
-3.7184139645239950e-01
1.6717683267958421e+00
1.0509537360064527e+00
2.6965979772653981e-01
1.6905842578657853e+00
-4.3241861693741623e-01
4.7846807785267403e-01
1.6568877802831958e+00
2.2493130856184913e+00
1.4245073268912278e+00
9.3195851150920128e-01
1.5663943948775860e+00
-1.5097267669737582e+00
1.2222760739651626e+00
-2.7069605543272779e-01
7.5148676389601066e-01
-7.9699014596239559e-01
-2.4334561624238602e+00
1.1250252238195799e+00
-9.8589825207620796e-01
4.8653117087183236e-02
9.4936132570572185e-01
-1.3181987464440363e+00
8.7626643179284869e-01
1.7589184855315536e+00
1.1684308258472325e+00
4.1946642342271862e-01
-3.4065260817981997e+00
8.3494709391711597e-01
1.2521161027249939e+00
-4.1392454827123459e-01
7.9468057599984721e-01
-2.5377184433913951e+00
-1.8655806661210610e+00
-2.5176777765945477e+00
-3.1982678556722886e+00
-2.4522854501740197e+00
3.0117705826204703e-02
1.0398288863680287e+00
6.6695424938578440e-01
-5.6824682375230040e-01
1.4609777167555273e+00
1.1038566123622646e+00
2.4956925422069141e+00
-2.1815907943769833e-01
7.1281673886588426e-01
9.9807158412594810e-01
-2.8749157634106663e+00
2.0479916871592154e+00
-1.1966617059755031e+00
8.2973700648318183e-01
-1.3322883240983603e+00
-1.5865698642819284e+00
9.4295319830173352e-01
-2.1404965471977140e+00
-1.5087343657273551e+00
-1.4027749083962586e+00
-3.8226648849337302e-01
-8.7345836517117359e-01
1.0310839276168411e+00
-2.9954162177199695e-01
-1.8476324999746405e+00
-1.1412007978345469e-02
-8.8872888876801825e-01
1.4770215967775804e+00
1.5725881475163344e+00
6.4121100268489284e-01
5.0820436000247182e-01
6.1782227096316766e-01
1.0348310908418359e+00
2.0964055158896547e-01
-2.2419622112020002e-01
1.5640413781933496e-01
-5.5403953821939400e-01
-7.0011463050549472e-01
-1.3783760097360714e-01
1.0279679902827592e+00
-1.5375912185236365e-01
2.2882968601796091e-01
4.2960831321807413e-01
-3.1304150554510184e-02
1.5200200462453479e+00
-1.9834908883970653e-01
3.0024828850701313e-01
1.7750837416748391e+00
-4.4475712317714966e-01
1.0210394730723273e+00
2.7978901098099879e-01
-3.0149326559345585e-01
-1.4688533589787705e+00
-1.2399286568811980e+00
-1.5956976360894422e+00
1.2902262636620113e-01
1.3358525792765470e+00
-1.1157617380610798e+00
-1.1143156838382526e+00
-6.1124017634280180e-02
2.2398653319769479e-01
-4.4155768202841464e-02
-1.5804689817875228e-01
1.1151335647227192e+00
-1.2348598302187137e+00
7.8434697356640393e-01
9.4009898020311966e-01
-1.8554398481979761e+00
-5.1491142538186840e-01
-6.0053073594611017e-01
1.9817789003892379e+00
-8.7187538796284370e-01
1.6270551737524068e+00
1.0573410944082695e+00
2.2272378227707801e+00
-1.7810441739705765e+00
1.5503048643791224e+00
-5.4521600678424453e-01
2.1838610140584724e+00
1.2174686379033755e+00
-3.5153155410588936e-02
-4.6256507515059908e-01
-1.0460687162436335e+00
-8.2167822735118623e-01
-4.9304827849345823e-01
8.1078934082817222e-01
-2.4994297674549373e-01
1.5106589235241963e+00
6.4457334832578858e-02
6.9219193696963666e-01
-1.6150775313044987e+00
3.0575286215407810e-01
-3.9422988484004673e-01
-2.3433435651776993e+00
-1.2785422682812320e+00
4.1715606311031039e-01
-2.7253799185660593e-01
3.7951100913813657e-01
-1.4302626236371616e+00
-2.6633319220853774e-01
-7.6737206314534345e-01
2.5122652845457454e+00
-6.5652507363828372e-01
-2.3131493921038870e-01
-1.2152469881841685e+00
2.3649721363315841e+00
6.7749241943060645e-01
-3.3356407872830962e-01
-1.9182619340918228e+00
-9.6153436260012781e-01
-5.8193515280444208e-01
-1.8091628841490675e+00
1.2816908702146228e+00
1.3793575833687965e+00
7.4976769804273169e-01
-1.5384228254408254e+00
9.1035611747385614e-02
-8.8988939308771864e-01
4.4667851957257593e-01
2.6662428061344629e-01
2.4274458377537473e+00
4.6727039289647587e-01
2.2029566743673484e-01
7.4346955720008467e-01
-2.0929757488411731e+00
-2.8229616372097341e+00
-1.1368559612655096e+00
-3.7483824062610100e+00
-5.3483840973503172e-01
1.4154319199311549e+00
1.8730382135298846e+00
-5.8612961843465228e-01
-1.9189111560787573e+00
8.6077419720560711e-01
2.1139560348024675e+00
1.7263920084424942e+00
-8.1070027829202432e-02
-1.1553652185815981e+00
-6.1713390737549390e-01
3.4267610948791457e-03
-1.7857038757405800e-02
8.8410898458860643e-01
-9.7499022103322186e-01
3.8555400843740828e-01
-1.1854044658048584e+00
2.9058182186771225e-01
1.2039940488133898e+00
1.0286158979939521e+00
-8.2923392439362720e-01
-5.2535713284522811e-01
1.1974421878063088e+00
6.1442049345885086e-01
-1.4429926098429902e+00
-1.5144025308876561e+00
-8.8351099033048108e-01
-1.8246003684779897e+00
4.9734697821533808e-01
-1.3314534376950375e+00
-8.2179945554940015e-01
4.5060110571690548e-01
-1.3016430736969080e+00
-1.2409734480306978e+00
-4.4490781574221949e-01
6.8091056142414230e-01
-1.0348630388892697e+00
-2.5532480190453194e-01
1.1059062213561295e+00
2.5050555580689333e+00
7.0393444678607520e-01
-2.1865654816574728e-01
3.3958079227617149e-01
2.5187298480710094e+00
1.8607991415244849e+00
-2.7669745050849848e-01
-8.6522914998369249e-01
-1.3935551627411515e+00
-5.5298384136827902e-02
-3.1371032852660452e-01
2.1069181000856094e+00
1.1148569675700450e+00
5.6931495149181632e-01
6.2620123237316794e-01
-2.6659025716189189e+00
-9.4185953479082285e-01
1.1196749848114034e+00
9.9151905202718904e-01
1.7151963860913200e+00
1.9852069015457716e+00
-8.1517709966159280e-01
-5.3755829849758352e-01
-5.8985423064700770e-01
2.7028114290069527e+00
-1.9997070895094271e+00
-1.1001188447163348e+00
1.4794141928420732e-01
-8.8587783410410043e-02
-3.2529003895863062e-01
-4.3912179542589697e-01
-6.8767437795927833e-01
4.5274872416537265e-01
1.0619300756033865e+00
-1.6588263604517748e+00
1.0093701245806244e+00
1.6631880905108181e+00
1.3066455568337783e+00
-4.6834831583790537e-02
9.2273171298677570e-01
3.2357153207119793e-01
7.9478135480972256e-01
1.6480598568680664e+00
3.5746911190221325e-01
-1.4847509017979834e+00
-1.1639461649992142e+00
9.3827684531234334e-01
-1.8254803542581910e-01
-1.1699992524850014e+00
2.1075002640261049e+00
1.1373687772087082e+00
1.9268819550100944e+00
8.7363023872550427e-01
-1.7354349255285466e+00
1.0871052692644880e+00
1.7641091097870547e+00
5.5439652741672570e-02
-2.7949841338816363e-02
1.5505843016062646e+00
-1.0035197373886477e+00
3.9933949600665153e-02
1.3676623756417203e+00
1.2502835403031798e-01
-4.5104096302552943e-01
-1.4605210845631706e+00
-1.9074922849506853e-01
7.2368980246372372e-01
-4.9193865135576670e-01
-6.0012883687879670e-01
1.6134818886261619e+00
3.0284605607054278e+00
-3.5391668361554723e-01
1.5421475272054963e+00
-8.2641322448860841e-02
-2.2389674767245848e+00
-2.5715124068338864e+00
1.3758503441294423e+00
7.3501526359204195e-01
-7.1425236132458259e-01
7.6353284279042544e-01
-2.8046694491715718e-01
2.0392961925672770e+00
5.7521782203472656e-02
6.5839925268646260e-01
-1.6605307745032107e+00
-1.3371401212636922e+00
5.6365469645826183e-01
1.7383215426064531e+00
7.2935342463891928e-01
4.6472199097403011e-01
-2.7612030860819221e-02
-8.3934332197984773e-01
-1.9412100029350248e+00
-1.9873458327476174e+00
2.2858155727429741e-01
1.4215029764272000e+00
1.3966113066505415e+00
-8.4729344599128709e-01
-3.5581937721885343e-01
-3.1554517423912959e-01
-2.1518225155531087e-01
-2.7096229830243207e-01
2.2276452880775626e+00
1.2904383124711178e+00
1.0258502505733234e+00
-1.8636421889566921e+00
-1.7708192704649575e+00
-1.0789014004950670e-01
2.6292837261887397e-01
6.0861910041610323e-01
-1.4994381612506726e+00
5.3850558263287784e-01
5.3760530584338151e-01
-2.1046515223016256e+00
9.9320043174036077e-01
-4.4049100235915339e-01
-1.0947768323367006e+00
6.3949388635716820e-01
-3.6012580053580083e-03
2.1373872979602542e+00
-2.8056992053683960e-01
6.2247469861991152e-02
-5.9839872447522875e-02
-4.0037844876270318e-01
8.4025388748945981e-02
-8.0426703618834838e-01
