N(0, 1) n=400 0.1
0 400
2.4856433526246349e+00
-4.6312375419070051e-01
2.1349593295357101e+00
-2.8863002552535511e-01
-9.5712394113050014e-01
-1.7378502931315332e-01
1.0073739337360168e+00
3.1022840051950767e-01
-1.1761007051323442e+00
-3.2323426538894161e-02
2.7064124209095336e-01
8.0913039371973305e-01
-1.7347722798385248e-01
-1.4628961653557881e+00
-1.0432832951698423e-01
8.1779141266650490e-01
-1.1950215335002945e-01
-1.1554326583862304e+00
-1.5540824889156096e-01
-7.7092996953714554e-01
1.0625411532694597e+00
-7.6576405010512760e-01
-1.3211427031684193e+00
-3.5944697167571399e-01
-8.8662251060516728e-01
-1.4941247415417807e+00
-6.4141409886324818e-01
-5.4427951073851538e-02
-4.2012339394692810e-01
-1.7913743240333380e-01
-1.1387948098993228e+00
-9.2393449735885902e-01
1.2671964105250491e+00
5.3789199592759374e-01
-7.2386336206769630e-01
2.3850456538441081e-01
1.1234581363058842e+00
-9.0241531081314352e-01
-9.6746263727447690e-01
1.2936654384046624e+00
-9.6879428680898472e-01
8.1924488334856038e-01
-4.0652127426688017e-01
-6.0667439044170254e-02
3.0638859400813018e-01
-1.1110857102090861e+00
2.3846520677225005e-01
1.0989880427127576e+00
7.3286963998569910e-01
-4.8392359112090964e-02
2.1274999217330284e-01
1.1021884978664864e+00
-1.6974677695101004e-01
3.5555354118181370e-01
-1.4191348821975836e-02
-9.9988196965356213e-01
-1.2950159676729669e+00
6.2341447251686866e-01
2.0742440087913487e+00
2.4596409116554188e-01
-2.1191211504382208e+00
-1.2877370065305307e+00
6.8646293840212147e-01
-1.5576909204874562e-01
4.2406887604798915e-01
-1.1028473523374345e+00
6.0410740204213897e-01
-1.9105741148119058e+00
4.1285845189207221e-01
-5.2547208653994225e-02
3.9873890984214400e-01
-4.6243037007804154e-02
-2.0301429857897385e-01
-1.5312275457234171e-02
1.6629949480455453e+00
-2.4040964111581773e+00
5.0698476297159878e-01
-9.6420618374864125e-02
1.0971506875637331e-02
1.1028610583235532e+00
-3.1650889960951545e-01
1.0626089326337467e+00
1.0922093671275770e+00
4.8462759096697755e-01
-2.0297742458008607e+00
3.3350210515038298e-01
-1.0274502319511896e+00
8.1433861172678701e-01
8.8095050744905790e-01
-4.6065162336848275e-01
-3.5405109084673420e-01
8.5260705275086235e-01
-2.2516576370889238e-01
-1.5695577998349353e-01
-1.0488908499925980e+00
-6.9399719680634381e-02
2.1178718993197374e+00
5.4567036401208480e-01
2.3679809499715661e+00
-1.1580693569732452e+00
-2.2929608327217674e+00
-7.6319474285687916e-01
-5.2648886920921900e-01
7.9969989538867559e-01
-8.0495143464056707e-01
-1.1418792828254083e-01
1.2710999692613814e+00
7.9463941693035678e-01
9.5257451013965899e-01
-2.4057261097471274e+00
-1.3211539672693775e+00
-7.0847954921344070e-01
-1.1776270487062980e-01
1.4164945836015272e+00
1.5246902525066969e-01
-6.1563985207650007e-01
1.4459864141674444e-01
1.8421099737907596e+00
-1.2539808872216356e+00
-3.3380467871758565e-02
-2.6838099415286443e-01
-1.5552254862101282e+00
-3.4122673740128751e-01
-1.3257986241950256e-01
-2.1110876971849085e-01
3.3265311607122433e-01
-9.7564286896676081e-02
1.7729727009178544e+00
9.9385269794231595e-02
7.7653702741989672e-01
-6.8485541605067890e-01
-8.9215914874075131e-01
1.3935114004649714e+00
1.5245794234054322e+00
-5.5934152591860054e-01
-1.3086869056883601e+00
2.4403084201498892e-01
1.6379441215785757e+00
2.7006831492357564e-01
7.6249909720278342e-01
3.0169823801394613e-01
-1.5574944472158450e+00
-1.6699558910309467e-01
-2.6451609981629653e-01
-1.3147193158665285e+00
6.4319446353984389e-01
-9.9621349935889925e-01
-2.6701873429223194e-01
-2.5338907840978231e-01
3.6740225273879307e-01
-1.7049594031394710e-01
-1.3244382199017413e+00
-2.2273768547928746e-01
-3.0127622043705710e-01
1.1217047981109183e+00
-8.7090319376145253e-01
-1.9550683685740429e+00
-4.6284367382445535e-01
-2.7857497904844672e+00
-1.4385450750773601e+00
-1.4564106482765440e+00
2.0180504718151879e-01
1.5468120741507889e+00
1.7152007401406483e-01
1.9890744580038008e-01
4.1845634307404711e-01
1.7965780076288205e+00
7.5994940862041183e-01
3.5035154342959708e-02
1.4054966937460966e+00
2.2226100597465863e+00
-1.1497639737706333e+00
-5.6846772252392617e-02
-1.3569134234506072e-01
-1.2290005876655292e+00
-1.1430837723053848e-01
-2.0654853571703174e-01
5.8017167217704801e-01
-7.9789986637287769e-01
6.3828715644013456e-01
-8.1846501996488152e-01
-9.0231827896489036e-02
-6.4318064434524980e-01
3.3000239811389770e-01
-5.4574111475101411e-02
-4.4229440149956334e-01
1.0898064755688208e+00
4.7975434247757992e-01
1.7300726548931773e+00
-5.7086261353623502e-01
-3.7702481187065279e-01
2.3970871857325404e-01
2.3038455544248149e-01
-4.7830669910835771e-01
-2.2193257679869358e-01
1.1681271897170564e+00
-1.4662309893189072e+00
-6.3979907387571056e-01
1.5554072750209353e+00
2.1103174562899545e+00
1.0039081609663016e+00
-3.9435021979634910e-01
6.9844482816327075e-02
-1.3754325314986982e+00
8.7832934918137529e-01
-4.3687298123382756e-01
-1.8482455110886311e+00
2.0954987320442857e+00
-2.0050112288517399e+00
2.4815659679367177e-01
2.0255859390007283e+00
-9.4313871176145514e-01
7.2871844167542901e-02
-8.8224032111821771e-03
-2.9067981136738164e-01
-1.2351733959212219e-01
-1.1788034813842161e+00
-3.7014741035190186e-03
8.5123517880840804e-01
3.6655723750702368e-01
-1.2565332392519424e+00
-6.9614789890186590e-01
-8.8560463531787026e-01
-1.0751240860946270e+00
-3.5733331857356068e-02
-6.6476015529713650e-01
-1.0540987135441557e+00
1.3843760808264763e-01
-4.3663640992049824e-01
3.5979961843652680e-01
-1.7426125761566177e-01
-3.9084431692888910e-01
-1.5585734678275898e+00
1.4204318263869276e+00
-1.9829622845597517e+00
-9.3652679346479450e-01
-5.3423060354365481e-01
1.0962013696009896e+00
1.3959816850818465e+00
1.7830172512853582e+00
-7.0338682473436953e-01
1.5760906697767549e-01
-1.5738909409227699e+00
9.1639041084627082e-01
2.0789655714372950e+00
-4.9464992632562133e-01
3.3510675244886262e-01
-1.6117095491422890e+00
-5.5777702732749024e-01
-9.5032212206024302e-01
-2.2035904860870930e+00
-4.4855313495123195e-01
-6.5881352081337219e-01
1.7599628627011263e+00
-6.7051405926975310e-02
-1.2902799426542471e+00
-3.8375759817792654e-01
1.8374416303564003e+00
-4.5401884350917776e-01
-2.6386470172092911e+00
-1.0975130985160648e+00
-1.7007966766571012e-01
-5.7299932307843426e-01
4.4175433138989934e-01
-1.5261186595444911e+00
7.7607462332683441e-01
-5.4721597765514030e-01
-2.1554880325316370e+00
-5.3923027139215385e-01
1.4571057885253241e-01
-1.1756501597244649e-01
7.1109130813217458e-01
1.0141108606177547e+00
-3.3328910152988334e-01
1.4127790090466996e-01
9.4979230567828005e-02
6.2407214319505377e-01
5.7080624796681600e-01
-1.2148248153836519e-01
-5.4766671281202384e-01
-1.5232271749855630e+00
-2.7492777367394317e-01
-1.1681778160768503e+00
3.2691117924531699e-01
9.3159005018938668e-01
4.5864517531729826e-01
7.1759441035164184e-01
1.4271935479536031e+00
1.3016005018355161e+00
2.3343443530400446e-01
3.0662150558355450e-01
-1.1619884406398526e+00
1.5672105824643299e+00
4.3289100145537834e-01
2.1783877661962276e+00
-1.5397713322362274e+00
-8.5496863262203918e-02
3.0660307566738326e-01
-9.4818997562282481e-01
1.0433717171466705e+00
-4.6343191326995814e-01
3.1897603823515901e+00
2.1569020959915757e+00
-6.3090240621178950e-01
-1.6880807424041639e+00
-2.6872837378796026e+00
8.4519295420303864e-01
-9.5350565308012358e-01
-1.2247465810930769e+00
-2.8122825142744629e-01
8.8760713205350184e-01
-1.5552098353973314e+00
-5.0026899108545408e-01
-1.5545929843102755e+00
-1.3761849403319995e+00
-4.2336132286270067e-01
8.2962601551426063e-01
-6.8262893930727653e-01
1.2641097771096546e+00
-2.8758467968279677e-01
1.2784613245397873e+00
-2.7219336002547689e-01
-7.4015256475294833e-01
8.4773341646382383e-01
-7.7690684381394717e-02
2.6009978759853375e-01
2.4633561711522955e+00
4.7238711865654870e-01
5.6930687533420432e-01
6.3995152932862653e-01
2.0886425389213574e+00
-2.4186297649982458e-01
2.0277516317733768e-01
-1.7820107689890818e-01
-1.1348516611753001e+00
1.3661571265906431e+00
-8.7057878160263669e-01
1.0833159534087620e+00
2.4513756138004870e+00
-5.7844759189072081e-01
-1.3410454836217791e+00
-3.2641710992224730e-02
7.7910083315799772e-01
-4.5244982470990364e-01
-7.2311362494674747e-01
2.8017750375985900e-01
1.8655462197781196e+00
-1.8088176917228291e-01
3.2384283280510689e-01
-1.2953103657192910e+00
1.5268315781772370e+00
4.0454444186519473e-01
2.2681011955047810e+00
-4.2574870926319552e-01
-1.1767111727202533e+00
1.2300643322327061e-01
-5.5963177398189790e-01
-9.6701351601936503e-01
2.5283306599418376e-01
1.1917060014697298e+00
-2.0410709766279473e+00
1.9627613064280947e-01
-9.6867350891012183e-01
5.9737085867443329e-01
1.4547867452596297e+00
8.8609927719054937e-01
7.7126302790578682e-01
5.6005525219124508e-01
5.6171201356716094e-01
7.8126386165634309e-01
-5.7481900676774955e-01
-9.1432263321571949e-01
-1.1974893713737060e+00
-1.0202084371009175e+00
2.4800847284347012e+00
5.1901310066829232e-01
1.6434659332297779e+00
1.5491388019911734e-02
-6.7789977396033952e-03
-1.0782248203762870e+00
3.9297019492519142e-01
-5.5204962064469065e-01
2.0485921580989679e+00
-6.3725444001298226e-01
-6.2659536158202078e-01
1.5428391134385149e+00
1.2449752153734099e+00
-1.1968518450458239e-01
-1.6574583636757385e+00
-1.3534547389104673e-01
8.7089488042748062e-02
7.5749838448019424e-01
3.5193871549178318e-01
8.2147958735346882e-01
-8.6634904596900308e-01
-1.8741339626480453e+00
5.9267892699931501e-01
-7.5994018188948256e-02
-5.6651691814279725e-01
2.0396724626989746e+00
