N(0, 1) n=200 0.3
0 200
3.7226463299369805e-01
1.2078248927562709e+00
-7.0243585271433195e-01
-8.8007050892652017e-01
-6.9199829520969991e-01
4.8647624939440176e-01
-5.3367935826715462e-01
-4.3455619767062631e-01
1.8342242977482842e-01
4.6345508912291578e-01
4.7735591012614620e-01
-8.9416005866140125e-01
-1.2595695021547827e-02
9.9081659033517011e-01
-1.2917338166317058e+00
8.1337073928933934e-01
-1.8469210033973038e-03
1.3044500576249637e-01
-5.6608508819436254e-01
1.5291048372498273e-01
-1.2748984526666320e+00
-3.5004028962174377e-01
-5.4852809405004344e-01
1.0492817823366876e+00
1.2477300624368575e+00
4.9020288673907003e-01
1.7356518691513534e+00
9.5126473842313486e-01
-2.0319915955940404e+00
-1.2692993929323004e+00
-6.6616698065058455e-01
2.9624259688781473e-02
6.9414417978615972e-01
1.6874737754120109e-01
6.3309113229795466e-01
4.8945579427238378e-01
-5.4070223528494754e-01
1.3475789384347510e+00
1.9502109668884493e-01
1.5702586222749828e+00
-6.1591106756099578e-01
-8.1285895653582529e-01
-4.2791570809968721e-01
-1.1952923739491268e+00
2.7268493384006103e-02
2.2417180479999868e+00
8.2137628524142448e-01
2.9912644524246629e-01
2.2588072406905935e-01
3.0056004761472094e-01
3.7320906858859748e-01
7.1391370245261476e-01
-9.2617597082057135e-01
6.8827595597758573e-01
-1.3717565160038495e-01
-2.4559031967090892e+00
1.6995984293115878e+00
-4.7539326238198515e-01
-1.8438279429666435e+00
-6.7267390143299034e-03
6.7809204403822632e-01
-9.0526968724866852e-01
-4.2716143426531344e-01
-2.0145703042077847e+00
2.0345072892141122e-01
6.3571306965689101e-01
9.3792107823802717e-01
2.6639311994010584e-01
3.0263532815550240e+00
2.0257361891934264e-01
8.3354935108948214e-01
1.1078044976627277e+00
3.9734044882722275e-01
1.6894075203583072e+00
-1.0874433021343748e+00
-6.8976211016706912e-01
-5.0765560018114375e-01
-9.2690408813871183e-01
-1.9634033545536629e+00
-2.0179835770803223e+00
-1.0312945876853850e+00
-5.1823180663228885e-01
4.6816403107242882e-01
-8.5402285863438532e-01
7.3231013039390691e-01
-6.9568868007975060e-01
6.0469350355494766e-01
-5.1978647932962574e-01
1.4100395130086003e+00
-2.2560716001427408e+00
4.2020562089482744e-01
4.7482821571653434e-02
-4.0138340351688961e-01
-5.3332779059775889e-02
-2.6966339615741886e-01
1.9336357510460649e+00
-4.8258824731530708e-01
3.4142687795499899e-01
1.4661804409035688e+00
9.6703048669353309e-01
-2.2024106662201550e+00
-1.9622953441246221e-01
6.4072273728988405e-01
1.5275120471694132e+00
-3.5304432944183939e-01
-8.4136524880234620e-01
-7.4735016891822781e-01
-5.7625672688284646e-01
1.0282039699769061e+00
2.7028182542371931e-01
-4.0825331567055734e-01
1.7435105595454126e+00
1.2558464737384529e+00
5.5019287884871981e-01
-1.0211223645884404e-01
6.4312421766527816e-01
-3.3299606518708119e-01
-2.1596133638098864e+00
-5.4762298094864148e-01
-1.6315220616545734e+00
-1.1411800859859311e+00
2.0856679902822703e+00
6.9081043097940642e-01
1.0380393550248914e+00
-4.6013624175136891e-01
8.1583210601011300e-02
3.1010855671859200e-01
2.3906880654384515e+00
-2.5907747410965004e-01
-2.6762767105880032e+00
2.8549911156754886e-03
-6.0201631495844388e-01
2.3008993694130148e-02
4.1944431948776856e-01
-1.2573573365743516e+00
1.1974652061686308e+00
-2.3829657890704627e+00
1.0351013014214419e+00
-1.1279261496248905e+00
1.8681484092191916e-01
1.6306863348836247e+00
-9.1075997859896818e-01
-7.6876327638295383e-01
1.1752248351638255e+00
-1.3259041234112767e+00
1.5403407876926731e-01
8.7493664952526984e-01
-6.2283846715883184e-01
-8.1353459225880065e-01
-3.3701614526449100e+00
1.5953544571613996e+00
2.5993548467419147e-01
-1.2980939546121908e+00
-3.1759832437408653e-01
-1.6687831175740128e-01
1.2381274669112650e+00
-1.3054850313514756e+00
-1.8845532708541706e+00
-9.4995964919093268e-01
-1.8814284675827093e+00
1.7940285039386887e+00
-1.2857400794166873e+00
1.5864554590459294e+00
9.9315240595462773e-01
-1.3102707609000421e+00
-2.4150576702239603e+00
-1.3720064785672579e+00
4.3185147445500038e-01
1.5827019216381883e+00
3.2724855810578899e+00
-2.3324458137386763e+00
-1.6199976864634762e+00
1.8738685709070255e+00
-1.6828008083105664e-01
8.4437985985745745e-01
-3.6368825197725019e-01
1.1345486809109774e-01
1.1140535604463031e+00
-1.9736370936666014e-01
2.0359756010803989e+00
-1.3873816987225636e+00
1.6331379203427629e+00
3.4215756502603489e-01
1.6800203968244318e+00
3.9549644884656336e-02
2.5620280001683249e-01
-1.0518073607234859e+00
-2.8177308794665943e+00
1.2417337721347996e+00
-8.2801532489824448e-01
1.8385258156073117e+00
1.1392483455458320e+00
-9.3600751283287834e-02
-1.1144662437047004e+00
1.8021129435501770e+00
-1.1500740819088275e+00
1.1261461110041939e+00
6.7121587394764592e-01
-9.9874135682743503e-02
2.0589366192828051e+00
