N(0, 1) n=200 0.1
0 200
-4.6050714160060657e-01
-1.3464271346243126e-01
2.9160696699927771e+00
7.8837338891568209e-01
9.1208785629902298e-02
-1.8180794739227164e+00
1.9790678983845391e+00
-2.6142347412982997e-01
-1.5947893189360496e-01
-1.7407456983724474e+00
1.5524493137195585e+00
2.2303558647237601e-01
-3.3477253629266956e-01
-1.0703640707476407e+00
9.8934454597832711e-01
-8.4794714643322244e-01
6.0618581333140720e-01
3.9027587473289665e-01
-5.5872006505517852e-02
-5.7291789273861504e-01
-5.9372237218057865e-02
-1.1573383341217467e+00
-5.5274747107185207e-01
-1.9962180051805239e-01
-4.5184952585584059e-01
-8.8378532496862550e-01
-4.9941571505145405e-01
-1.2431845716282539e-01
2.0246918941406550e-01
-3.7137667072886921e-01
3.2627250194066310e-01
-2.1798411478407814e-01
-1.2432088897967442e+00
5.2091679082273246e-01
1.5743790912177562e+00
-6.5640283439666225e-01
-6.9537540906985784e-01
2.4224947646171815e+00
2.5481549854245937e+00
-1.6195181080715781e+00
-6.2363938668150293e-02
-4.3257621805376034e-01
6.2654003337917574e-01
-5.2057034701214500e-01
9.0370843667736034e-01
-4.4680455709840534e-02
-1.3369394173032363e+00
-2.8113107416380267e-01
-1.1384083158286999e+00
1.0646367912845283e+00
-6.5018743616684938e-01
-6.4306539443338784e-01
8.1520423535419373e-01
1.6355802144436929e-01
3.1178278987183827e-01
4.7166761497320081e-01
-2.3714525488306046e+00
-4.1450314418714612e-01
-3.1413772707953797e-01
-1.0553906786026916e+00
2.9513263423898167e-01
-7.6155244931235000e-01
-9.5914296742902938e-01
-1.7052465659110803e+00
7.9463950482327184e-03
-4.3329749546750873e-01
-6.7253953601209426e-01
8.6310321607717566e-01
9.5739353601814170e-01
1.5004175844944883e+00
-1.2957740643991683e-01
-5.3567847572299632e-01
1.6072224853611610e+00
2.6131558516632369e-01
5.7864176231783637e-01
1.6086962690848057e+00
1.3375997046898702e+00
-7.7732326095292403e-02
9.9448219065355603e-01
8.8299363066231848e-04
2.0593394957382278e+00
1.5337297275964092e+00
-2.5306776170885054e-01
5.2910556899452690e-02
8.4284761014097945e-02
7.5068879976579461e-01
3.3258367516150927e-01
1.7323550038197990e+00
1.3493755943248080e+00
-4.7572878827371978e-01
5.8130471536029493e-01
-3.3989538972263245e-01
-9.5000873215692272e-01
1.0369322439923523e+00
-6.5493431190444248e-02
2.4544237484417906e+00
-1.2624928444889245e+00
-8.5977609058407045e-01
8.3055881062174119e-01
-2.3879787893805546e-02
3.7159752214007352e-01
-3.1056981311388665e-01
2.6246489125923103e+00
-5.9838775031696689e-01
-1.2075901629780457e+00
-1.1853959280731992e+00
5.2666367202000319e-01
4.3736732679298002e-01
-3.7285032925295547e-01
-1.4549128296292524e+00
-1.4501621733772569e+00
5.1977533880340865e-01
-1.4752905785446226e+00
1.9747689420152981e-01
-1.8327205700543321e+00
-1.4867941051671818e+00
1.4640955625136838e+00
6.2774392523153499e-01
3.1686752848727856e-01
1.2373103451681293e+00
-1.9765476891747773e+00
1.4815687026601043e-01
1.3586304382193277e+00
-5.2775690259052588e-01
-2.0497059276579042e+00
7.3510220408546623e-01
-1.2251439259717509e+00
5.5830544866224607e-01
-1.5205059028281118e+00
-5.3831408696500171e-01
3.5823338987451464e-01
-8.2038478703154105e-01
-2.5495128557643065e+00
1.6422355410693079e+00
-3.2193349464726090e-01
1.8142864418753115e+00
8.9209380289027237e-02
-7.9705305766193779e-01
-1.5912738873350316e+00
1.4498536393962302e+00
6.3207278265162137e-01
1.1549473443192568e+00
3.6609576175467495e-01
1.1093844758728071e+00
9.3809677954348392e-01
-1.0613918381260268e+00
-7.5536439606040728e-01
3.0280183824037726e-01
6.7701692164116767e-01
-1.6427994017067522e+00
1.2390034965187466e+00
-1.0419101273141190e-01
-7.7060808590288310e-01
1.4533320876721241e+00
-4.7624960437754194e-01
2.6163762567114257e-01
-4.0156027207315470e-01
2.7337022618091139e-01
1.3281819630684124e+00
-1.2747886971237758e+00
-9.8307602022989293e-01
5.9042982364821761e-01
-8.9473618429508772e-01
-5.6781541324887730e-01
2.1508331051651139e-01
-7.7229196280980905e-01
-1.0811019926869943e+00
-5.9888553545447931e-01
7.4903137624095717e-01
1.8578403066669436e+00
1.2090544584380976e-01
1.1086013284724812e+00
3.5370737785155471e-01
1.1902070681417107e+00
-1.6152991365344027e-01
3.6434249764324501e-02
9.6565758288222503e-01
-3.1106742200129905e-01
-3.4352524558495362e-01
-3.9154584582024454e-01
3.4865900313156184e-01
-8.9640674815244525e-01
-8.1648924762402997e-01
-6.1023974030352812e-01
7.7210446614519790e-01
8.6631484354653643e-01
1.7563104097101179e-01
6.6704772312798921e-01
-5.4168946885553064e-02
5.9028889742737600e-01
8.6848122999543198e-01
1.8405315063844112e+00
1.3920156494837721e+00
9.8031852401466002e-01
-6.3682520556511871e-02
-8.7111837206702392e-01
2.3967657146960816e-01
9.9050816760114979e-01
1.9711236383102506e+00
1.1860072055697957e+00
