N(0, 1) n=800 0.3
0 800
-5.5245441999711609e-01
5.3145324537529726e-01
1.1451671478304841e+00
1.1126239292188717e-01
7.2418331029949345e-01
4.3800886008351958e-01
1.5895089375528890e+00
-8.2961924501956597e-01
1.4257773181644378e+00
-1.4248353517568342e+00
1.8164631463609247e+00
-4.4403430313771264e-01
-3.6839153109223211e-01
-6.8888306304718136e-02
5.6159939871790054e-01
-1.5386687865016818e-01
6.7656318147782746e-01
-1.5396092921438955e+00
8.3069589650114917e-01
-1.5927459069026433e+00
-4.8498544647354075e-01
-1.2837863322408263e+00
8.0667637766655431e-01
1.9596042509654513e-01
4.3677865469478472e-01
-4.1670751725935967e-01
-6.9429417059132603e-01
-1.2125120122806616e+00
-7.1877492161992551e-01
-3.0422133792746081e-01
-1.5108386993300911e+00
5.3568294748367062e-01
-6.9999707045164505e-01
-1.2161380867392455e+00
1.5823401007189916e-01
-2.2089605567993228e-01
9.8755790740206351e-01
-5.2321649680213089e-01
-7.1821413318626726e-01
-9.0984492733666544e-02
2.4236802477053299e-01
1.5992054688868165e+00
1.9520849985006314e+00
-1.1756483167111387e+00
1.1942271227901970e-01
-1.7217980567995689e-01
-7.7133253725407003e-01
1.1098938099077738e+00
2.0810912419901548e+00
2.0603053689147650e+00
9.1161306223368022e-01
-2.3314833215384816e+00
1.6855297522315491e+00
-1.3572219750382200e-01
9.9483738381698539e-01
-1.0413476531968975e+00
3.5615188410846814e-02
1.0409439563059891e-01
-2.2862906917671624e+00
5.5471160750046766e-01
5.3173364804363565e-01
6.8267905097652459e-02
1.0457190281903830e+00
-6.8622961676460481e-01
2.6064932943821781e+00
2.3240285459258547e-01
2.3551737345383411e-01
6.5350235088787234e-02
5.6517020035936538e-01
1.1195394693443861e+00
-4.8589113298963144e-01
6.4056320209466266e-01
1.1510917631704789e+00
-3.3731417885227905e-01
1.9881228450522737e+00
2.9566565354581764e-01
4.3950018829957960e-01
2.9153800808438217e+00
-7.6704782894093859e-01
-3.9016345605558017e-01
-9.8148864603184571e-01
-8.3811775470588856e-01
7.4578742761479278e-01
-6.6334866206435017e-01
2.5426089499499482e-02
3.2287971020611794e-01
-7.7026140979147228e-01
6.0380421838338215e-02
-4.9455423984457031e-01
1.1971079981964618e-01
6.3077126397436081e-02
-1.2118856476160751e-01
-1.6095102742783693e+00
-8.8805875989901362e-01
-9.0811526228719419e-01
2.4015980570099074e-01
7.7983132905445052e-01
3.8826755294902399e-01
-2.9575824798556904e-01
-1.5875142317570228e+00
5.9794610286086636e-01
-1.2280557349265910e-01
-1.6856523249064570e-01
-8.0160597889412544e-01
-4.3423131034143098e-01
-1.9656280139603274e-01
-7.2658594677224209e-01
-4.6117335057694386e-01
8.2120205917482078e-02
1.8796231973178701e+00
-1.9185849485918458e+00
1.7535559341908153e+00
-1.0454361490831254e+00
-3.6317477949683363e-01
9.2039477053995800e-01
4.7467222836696699e-01
1.6063535519752064e+00
-5.3400781165970551e-02
8.8069731355104222e-02
-1.6169866959323407e+00
1.2114901773785158e-01
2.0010579356636825e-02
-2.3699811434603127e-01
1.9055759650543579e-02
-1.7098542581625791e+00
-1.1051634520370035e+00
4.2959533284641088e-01
-2.6459686770038926e-01
-1.3888949854383908e-01
7.5792266707888911e-01
9.9594690873089564e-01
-1.9497541912556465e-01
6.1977750628556268e-02
4.1904929090088811e-01
2.4846118944946299e-01
1.3403549968581865e+00
-4.9357274024534997e-01
-5.0897425460806545e-01
-2.9313031248116855e-01
-6.8170949075089937e-01
-2.6951464273630776e+00
-1.5675971604606569e+00
-1.1634205626627292e+00
6.5299040137755837e-01
-1.1733537154043896e+00
1.1762385438914731e+00
-1.2852146119131405e+00
-3.8456001379862170e-01
-1.6126987431059836e+00
-2.2116876495354798e-01
1.5278930300029625e+00
-9.4678402580978749e-01
-8.1971702491688680e-01
-1.4847150084435057e+00
-5.3108586634975319e-01
-5.8623263251709334e-01
-7.8365448034149943e-01
7.5885447591960675e-01
-3.5401380519291215e-01
8.5089882231013814e-01
-1.2328209840121143e+00
1.4442244424990127e+00
-6.5692032308710369e-01
-5.5917200652845611e-01
5.1171991753685930e-01
-6.0941368808927376e-01
-1.1357540306469875e+00
-4.8891393028182784e-01
6.1469868189782076e-02
4.1952018481381198e-01
1.8500751490747094e-01
2.7925439567850785e-01
5.3377875284798693e-01
6.1766022976129709e-01
-1.9262383739718830e-01
5.6146606327364686e-02
-1.3453441241611603e+00
-6.7212366857382844e-01
-9.0145690809162127e-01
1.0111305063959131e+00
-1.5175733256634976e+00
4.4875463066534949e-01
-6.1865472341662187e-01
1.2207193849040689e+00
-1.4731941542570390e+00
4.2832626896298104e-01
-2.0406726597731044e+00
7.0586807945534513e-01
-5.6082136060361520e-01
4.1180743845717421e-01
-3.4298955167444406e-01
-1.5046967694538489e+00
4.4674871436349334e-01
-8.3446781802891146e-01
8.2645769793143287e-01
-1.9278493990875507e+00
-7.1237013823788842e-01
-1.5512936129952189e-02
4.6127830127178943e-01
-1.1412129136956324e+00
5.0205177757094821e-01
1.1622569380141399e+00
1.1965387658003079e+00
1.5565633968340256e+00
-9.2688216355746633e-01
9.0261791318153831e-02
-1.1971567121714368e+00
1.5180374053795729e+00
-5.2323907809023251e-01
-1.0186251286840013e+00
-7.1010072234528077e-01
6.1797800755623700e-01
-4.2351618412433745e-01
1.0405845478558591e-01
2.2275882868164218e-01
-1.7895064416788553e+00
2.3407553124532767e+00
-8.2535137128494840e-01
-1.8958841037613987e+00
-1.1228378005421049e+00
6.4371110850470292e-01
8.6295259195985086e-01
1.2441100679665681e-02
1.1992157357250667e-01
2.2431372961232832e+00
-1.3944180379702957e+00
1.6903248705800964e+00
-1.4770257499771861e-01
3.5485900550073596e-01
9.4130514119887243e-01
-6.2489526859615085e-01
-1.6248643520680311e-01
-1.3098344728684050e+00
5.6853916506540520e-03
-4.2071624279462799e-01
-5.1030051023545431e-01
-2.2477247141596082e+00
8.2211857122904394e-02
-1.4563307435049340e+00
1.0143214903088833e+00
-1.1690512725400137e+00
-1.5516437726437065e+00
-6.9146129537449930e-01
-6.6331319805880085e-02
-5.9412031968563650e-01
6.1219846063060057e-01
-1.2333163077412495e+00
-1.0737559546518484e-01
-8.1403933080919103e-02
-9.1933934714183940e-01
1.1715496122991360e-01
1.1931671753865367e+00
1.4934575903663936e+00
-1.2472555181176708e+00
-8.9172830587190699e-01
8.0403280969966806e-01
3.7013898488079117e-01
-3.2577689236359675e-01
3.1176131771675580e-01
4.4421185645800587e-01
1.0083740894947613e+00
1.9919792032248518e-02
2.1832010184544255e+00
-5.7464697200955417e-01
3.8739900959960616e-01
-8.6650549737771210e-01
-1.0483439501536609e+00
-5.6508417206578780e-02
5.0608878943949720e-01
-1.0686427416664299e+00
-8.7731425852856404e-01
-1.0169568862071481e+00
-3.7012545366933680e-01
-1.5219176020862654e-01
-3.2305503054596246e-01
-6.8666375368759869e-01
4.8739906539895878e-01
-4.1779421823379015e-01
-1.6563803355460098e+00
-1.5974567344739352e+00
-1.5228877355381174e+00
-3.8683247863094600e-01
2.6718373367120152e-01
7.7619720970097239e-01
4.7456845722596219e-01
1.9560249810899930e-01
-9.8565618975280578e-01
2.1290931157417239e+00
-1.6182524762493742e+00
1.3643975310082321e-01
-1.6057102752948707e-01
-8.8254455520491915e-01
1.0014267748049304e+00
4.6685725993006710e-01
1.4465207657993411e+00
-1.5014147374785947e-01
1.8387508275061840e-01
-8.5834859625348828e-02
-9.6966814234082110e-01
7.1068218660557481e-01
-1.6962208323450823e+00
-1.2103503009056997e+00
2.2822895156030083e+00
3.5381932579155800e-01
-1.2505156502259640e+00
-9.0266678659672661e-01
1.8991504388644873e+00
1.5119425577880214e+00
-1.4850768045885659e-01
2.0809803296361931e-01
-1.0274517021685929e+00
-8.9573161249387756e-01
1.8507413416801657e+00
1.4592904590996505e+00
7.6675521592129425e-01
5.0011558787093857e-01
6.8763992383060268e-01
1.2209645478122495e-01
-3.0972503983637628e-01
3.7764118666494312e-01
-1.6773609763502060e+00
-1.7333263203043675e-01
1.0083246900983314e+00
-1.7227625880284381e-01
4.9441467951314216e-01
-1.6499469663216806e+00
-1.0759029217792837e-01
-4.9667508275833057e-02
1.3290632537895926e+00
-5.6562246781626668e-01
-3.4426061078788139e-01
7.9494427840951842e-01
1.4581450164730652e+00
-3.0461996814553319e-02
4.0117408578532060e-01
5.7942725021409136e-01
-8.3308427247508532e-01
1.5780304003651560e+00
6.5439729714133454e-01
-1.2484995036691515e+00
1.4149600145486132e+00
-1.1849991612856159e+00
2.5070690557260022e-01
-1.2141438926475576e+00
3.8083718069579509e-01
7.8799049224167572e-01
6.3218379003010661e-01
9.7490996283784648e-01
1.0136612668316538e+00
1.2571658580654583e+00
-6.7181577134493187e-01
5.3296840064987805e-02
5.3068800995494721e-02
-1.9475322384500802e+00
9.5665099439130263e-01
-1.3661225740460337e+00
4.6572457101134584e-01
-4.4810432980377651e-01
-3.1789366178084227e-01
-1.4926564815583584e-01
-8.1432904024323860e-01
1.6618053162053641e+00
1.5626471938965267e+00
1.8846541594989841e+00
-1.9062136886864159e-01
-3.2408029176905234e-01
-7.1269529234848183e-01
-7.2267469308762289e-01
1.2407517691910595e+00
1.9934151149758199e+00
3.4011295791508622e-01
-1.4079390468190165e+00
1.2894144157444225e+00
-1.1411907389687608e+00
7.7482711567464468e-01
-5.0238139752211963e-01
1.1395714860541302e+00
5.2329299585788740e-02
9.5919393135882569e-01
-7.4778701436826089e-01
3.0692026586788673e-01
-7.0896206273608320e-01
3.5835247403313186e-01
4.5136834305674950e-01
3.7295729836428582e-01
-2.2027712451585185e-01
9.2311421735577784e-02
-8.9946787633494363e-01
2.4032004822744293e+00
1.5794797115119388e+00
7.9265461596530778e-02
-6.1993403670005554e-01
-4.7257022183303743e-01
1.4709950601089659e+00
-1.5324182632882724e+00
-1.2745217323620311e-01
-1.5920585317993237e+00
1.7594473738984904e+00
2.6923885158480529e+00
-1.5440931052961753e+00
1.5803799216756700e-01
5.1655051294594656e-01
1.4539746780767133e+00
-1.0433667732922514e-01
1.9384008519182656e+00
2.9927887099018646e-01
-1.0914355762850214e+00
8.8267305142169006e-01
-2.4090950025858744e+00
1.0357480297653254e+00
9.1956856385536900e-01
-3.0783817950403652e-01
-1.3989432978450039e-01
1.2406563953265759e+00
7.5917386331640802e-01
4.5200174396146514e-02
2.2209303191248372e-01
1.0121040155159531e+00
-9.0451052824865996e-01
1.5116160906706841e+00
3.7573345965648797e-01
-7.1455122877379962e-01
1.0539086807566469e+00
-5.9585863451066046e-01
1.8573676230167568e+00
-1.4154155247995412e+00
9.3374889742568357e-01
1.1685599124811510e+00
2.9695253282433245e+00
-1.1995659990030993e+00
2.1349518638515375e-01
-3.8897994353067933e-01
-1.2852753069118792e+00
1.1247715088603742e+00
3.2381585933330614e-01
-1.3027007608141434e+00
-1.8347392592098368e+00
1.2687592490028521e+00
-6.7241379819589697e-01
-1.2145821429485115e+00
4.3424946746776000e-01
-2.1971488536184465e+00
-2.0846313411633242e+00
2.3455206172575799e-01
6.9180474579158746e-01
1.2711298410190328e+00
-1.1742810575071194e+00
-2.1497845536365991e+00
-1.3429689652160588e+00
3.0065582376594624e+00
-5.7480274697080225e-01
-2.9477836466496767e+00
5.4252651157745357e-01
-3.3763398822497431e-01
-1.6769549584502608e+00
-2.9800268438216765e-01
-9.3160505345503408e-02
1.8609198320322238e+00
1.9769401546431495e+00
-1.1326265323473921e+00
-2.9949625862514169e+00
-1.7052002003099460e+00
-3.8054780179554065e-01
4.2660801495160855e-01
-2.0503338221202569e+00
5.2095071033545895e-02
1.3658222887711298e+00
9.4053521102550441e-01
4.9522990495686720e-01
-3.7614353560333158e-01
-3.5313722379970947e-01
-1.1172860352153928e+00
-1.8997218200994540e-01
-8.8083704528711659e-01
1.7629575303252849e+00
-8.5459557773293759e-01
2.8558185893860161e-01
9.3752238390589604e-01
-1.2436987286910604e+00
2.1395567164250978e-01
6.8142786666535227e-01
-1.7212951614720675e+00
1.0763268920153426e+00
-3.4987908564858206e-01
6.7307162977701107e-01
1.1052566864866431e+00
-5.8694987938866100e-03
3.8978591393037108e+00
-1.5409997683469046e+00
6.9507975116017573e-01
-1.8281035691441159e+00
9.7488215631189112e-01
3.1414311949828964e+00
-3.2106335103930191e-02
5.7904879597931690e-02
1.0006845015025221e+00
-4.9635153269870813e-01
-3.7389348592455840e+00
6.4150044355850699e-01
9.9181534783503972e-02
-9.0768272355560911e-02
7.4198094265397696e-01
-2.0930468536155553e+00
-9.9869327257723828e-01
-2.1524147542066374e+00
2.6507473592070174e-01
1.0637298126040740e-01
-9.7490438622996212e-01
7.3870838135012706e-01
-9.7331981914760196e-02
3.8198526695548628e-03
-1.2738174444048371e+00
-8.0023258935266761e-01
-6.5151953295955389e-01
-2.4764997309535866e+00
1.1222438827148218e+00
-1.8389761456278948e+00
1.4034270684253005e+00
-1.0120458132882947e-01
5.7486322990386352e-01
3.0455439799846967e-01
-1.2923716891671859e+00
-6.4780656786968915e-01
-2.3402077668421568e+00
6.9436425540679725e-01
-4.2618062017115604e-01
1.0611093600038293e+00
-1.4150931035617859e-01
6.1309560219802950e-01
-2.3611858572884685e+00
8.8073199470304486e-01
-1.6857206129483779e+00
-2.2729275614151095e-01
1.9915979003421904e+00
2.0547367702159955e+00
2.4223271193274543e+00
4.5140363513074816e-01
1.4207570948648642e+00
9.9512995138442673e-01
4.7930957696648718e-01
-2.7198152933219535e+00
-1.8507573195707638e+00
-8.1993543311552575e-01
-7.1700789457239206e-02
1.4224825217552652e+00
6.1519840474691811e-01
-2.9613692733248400e+00
1.0350405015702027e-01
-1.4426376766195234e-01
6.1050338644348523e-01
-1.5985025430452517e+00
1.0673505735513120e+00
1.2046779168831605e+00
-9.2388226201116497e-01
4.8325708542486207e-01
1.9685631726251052e+00
-8.8781293660561933e-01
-2.0337533060456985e+00
4.6696232595262656e-02
5.1815900217668942e-01
-2.0338916271712515e+00
-4.7144231509918882e-01
3.8521784894976807e-01
-1.9214437782672658e+00
2.2107243843454456e+00
-2.8032472089985738e-01
-1.3976823300600123e+00
2.6209238755194058e+00
-2.1043556115097326e+00
-1.5015141590362957e+00
2.0813001731004364e+00
-2.4767575351527942e+00
9.3287827516879696e-02
-2.4360233810839214e+00
-1.1639887012967894e-01
1.2288977829841794e+00
2.6863405307374713e+00
2.2003697643494258e+00
4.4729871136157140e-01
1.1186646083436880e+00
5.6158194969461672e-01
-8.8576884397626410e-01
1.9200047670320891e-01
-2.8630581337459073e+00
-4.1081497755839946e-01
1.9823338792800566e-01
7.2034589516711406e-02
-1.0110105644674727e+00
-8.8012833637732668e-01
1.0130718384324483e-01
-1.9425240245877473e+00
5.4979672561696513e-01
7.0739937800152375e-01
-1.6203472226944253e+00
2.0692693912152443e-01
-1.6475983616152282e-01
-1.2630283421182556e-01
-8.9186893730265573e-02
1.7585302526733942e-01
7.4282142091847558e-01
-5.8493060377460604e-01
-1.2235197496328589e+00
3.3555664070986208e-01
5.6962401948604147e-01
-7.1084588445083377e-02
3.0918561922637822e-01
-7.2844279381360943e-01
1.0393926552677870e+00
-5.8989482773489399e-01
-1.9137622776822700e+00
-2.0843034726914094e+00
-1.4301268684828011e-01
-3.1694187897794346e-01
6.0511389690707507e-01
1.6490196286770471e+00
6.5854109040875775e-01
-2.8321457642736919e-01
2.8496759959050161e-01
-1.0842381365517075e+00
-2.3562792240032082e+00
8.5107458118546986e-01
-1.5786030468642025e+00
-7.0958158610977673e-01
-1.5847124652296565e+00
1.4221528841391449e+00
4.0052070102323496e+00
2.7241061310186182e-01
1.8028050800179188e-01
-2.8143299790777282e-01
1.7260985082272886e+00
2.6777533439846968e+00
-1.3410132809697954e+00
-7.1037158128398592e-01
-2.9098055050444085e+00
-8.0916255787708524e-01
-1.3976478815337081e+00
5.3171422237732713e-01
-7.0375097151605215e-01
1.3617309385394294e+00
2.2815566891537191e+00
-9.3727132769875543e-01
-6.1512721666491854e-01
4.5957513945343198e-01
8.7969215671286538e-01
-9.2468708805634781e-01
-7.8164778807980662e-01
8.9855849356709139e-01
-1.1129456968538765e-01
-8.2453199635164087e-01
-7.6572737550213377e-01
5.3302971793610476e-01
1.6161294234296157e+00
1.8117709148246961e+00
-1.4291924406687055e+00
8.0027646859593315e-01
4.5099161777179875e-01
-4.4765377732103595e-01
2.0951784326286567e+00
-2.1312157640357401e+00
9.0213040660630905e-01
-1.1417523106838017e+00
-6.6610674593214214e-01
1.5107756743432437e+00
-1.3338150328116529e+00
2.0143592801953050e-01
-1.1510399937961469e+00
-6.7739003467738673e-02
-6.9819350510982781e-01
-1.6090760406561342e+00
8.0245624567047827e-02
2.2985563185257236e+00
-1.5171728655746664e+00
3.7401579001781876e-01
1.0399766234472139e+00
2.3807541923471534e+00
-2.1850496105344344e+00
-2.7272251041155526e-01
-1.3954313915330250e+00
4.8005743922343042e-01
-4.1091213796320075e-01
3.5534090313777972e-01
-1.4340706044537528e+00
4.8457295634707703e-01
2.5116349041715325e-01
-4.2304452049624247e-01
1.2179758690871201e+00
1.2687656279249142e+00
2.4783642745566028e+00
-2.0801367696299936e-01
-9.1077151654980182e-01
1.0095657115713470e+00
1.4145897709354451e+00
-2.0443963900821172e+00
-1.1338037475340388e+00
-2.5899617736390268e+00
-7.5216079054824514e-01
-6.3268059408491673e-01
-1.1737406427017658e+00
-6.3586592372550221e-01
7.2971733516797893e-02
-1.9858308479702198e+00
-2.8618730951578546e+00
7.3688191604519926e-01
-1.8192462646867755e+00
-1.7672537325143074e+00
-7.6229418671538618e-01
-1.8621574080311980e+00
-8.8020031491478001e-01
-4.1008652225410347e-01
-1.4416337942856574e+00
3.2107135672728804e-01
-1.0678367006249840e+00
2.4959647850039275e+00
-3.7826520525821583e-01
1.2291009283225238e-01
1.9627568915754705e+00
1.1079295641280156e+00
3.0946143527528656e+00
2.4669834261690147e+00
-8.1391459256580390e-01
-2.3300200870192692e-01
1.3910390633157474e+00
-7.0651416333027872e-01
-9.2236989827717719e-01
2.4532191046860560e-01
1.5247480290005286e+00
-1.0529620331384690e+00
7.9688996748420622e-03
-1.8464534806734789e-01
7.6896804330093149e-01
5.4816517128568854e-01
-8.6611060865266931e-01
8.8876359375849934e-01
-1.8118076762133308e+00
2.3327574729042668e+00
-7.8973068451694134e-02
1.5500726153959523e+00
2.6134727395907085e+00
2.5791412987570767e-01
-1.2006598427494271e+00
-7.8777007749594019e-01
-1.3727695281080762e-01
2.7006590307098022e+00
-3.7409127076649518e-01
2.3217435885587814e-01
7.5367693130023361e-01
-1.0619525685436944e+00
5.3952627154939481e-02
-2.4386651630849223e+00
-9.4472904281233649e-01
6.3041972308030464e-02
-1.0852684475987013e+00
-3.7460947227601810e-01
-2.2407596442213371e-01
1.8326204300457933e+00
8.1360723351273800e-01
-4.9475502586567394e-01
-5.4291419640971628e-01
9.2794078133639002e-01
-2.0774810239852401e+00
-4.0007811325193626e-01
-4.7145743319971378e-01
5.4451649624890552e-01
3.7268083218315318e-01
2.3986597539020722e+00
3.0092468830424557e-01
-1.8660436493689606e-01
-3.6948764132673440e-01
-5.4269711450591140e-01
-1.1010733345680508e+00
-7.2924987809019589e-04
1.1543526498638861e+00
1.4033917951633246e+00
9.8474417443126039e-01
-3.4174528630202022e-01
3.6729934493477306e-02
8.8452113271759569e-01
-4.7808665883167378e-01
1.5185257763588625e-01
1.2621814705280987e+00
-2.4413082140333660e+00
-1.0401130199537600e+00
4.5262586213205064e-01
-2.0621008226624915e+00
-1.4833986712335119e+00
-5.2358353253397627e-01
-3.8723454891836080e+00
-1.0302305401632581e+00
3.4838349891637194e-01
1.0409856308888086e+00
-1.4890720690474550e+00
-1.1315671367547850e+00
-3.2794515542704944e-01
2.5502439816840092e+00
-6.2672271834095683e-01
1.1764318832646379e+00
-3.9690632369745904e-02
-9.5099047125642189e-01
-2.5055524358524157e+00
-2.0227589555438010e+00
