N(0, 1) n=600 0.3
0 600
1.5177075935998201e+00
3.7568567002047937e-01
-7.9568384800618608e-01
8.7058442774832379e-01
-1.4255482735465830e+00
-5.3790251619916984e-01
2.0067899077293277e-01
-1.4597487079478695e+00
-1.1888444493265531e+00
-7.4231526454647601e-01
4.0793075312587623e-01
1.8938961115221090e-01
3.1875293416195669e+00
3.2299689758521127e-01
-1.0979528037078885e+00
-9.6588301594448589e-01
2.1495467744716218e-01
-1.0273441565802537e+00
4.3760406619779542e-02
4.4109323801157296e-01
2.5477541458640829e-01
-4.6350047594825933e-01
-5.3174683077935581e-01
2.0528719759652744e-01
-9.6640651169349856e-01
4.8567144793502115e-01
1.4707446434294080e-01
-4.0103079383045298e-01
7.8743426862594756e-01
-1.3400056214909835e+00
6.7984066018016409e-01
1.3058618607858472e+00
-3.7605291401541935e-01
-1.7523002500967666e+00
1.3665342860573471e+00
-2.1323340489362957e-01
-4.6574353351631912e-03
2.1815049929837671e-01
1.3298599422576820e+00
-3.9079869895401282e-03
-1.3998222469370794e-01
5.5368267119241266e-01
6.2405052645923664e-01
-3.1969486590918328e-01
-5.6309210049252389e-01
-2.3727973129389643e+00
2.7654501784259877e-01
7.6957544493937186e-02
-1.5892374179699134e-01
4.2534017905505322e-01
-8.5463880207625953e-01
7.4358201463288809e-01
5.7040114059612990e-01
2.9985362089503319e-02
6.3608994129611163e-01
-4.9737911477466040e-01
6.4812250753059220e-01
-7.4130122050328195e-01
4.0208068225854549e-01
1.3052070897014405e+00
-5.4900274009884964e-01
-2.0404653686623440e+00
2.9079414782108515e+00
1.5029756020188536e+00
1.2284589816108828e+00
-3.6382580821350691e-01
-1.1416151244435269e+00
8.4634656670232200e-01
4.4143030997685462e-01
-9.6073881255593685e-01
-8.6012163536284059e-01
-1.0547370833237768e+00
-2.9532161546045859e-02
-3.5887341266281680e-01
9.0687744518585622e-01
-1.4786401607153715e-01
1.2334237625547808e+00
-2.3714644173696509e+00
7.1914644968679742e-01
-1.2395368464140739e+00
9.7383269676685780e-01
7.0930916705938252e-01
8.4305110452723209e-01
1.2721335093550326e+00
5.4090019914004839e-01
-1.1638644751195799e+00
-1.1980926698405474e+00
4.5223945767052398e-01
1.7291924561821463e+00
8.1209050615693135e-01
-1.6052926466081480e-01
-1.1416088155948063e+00
-1.7974886963353898e+00
2.4677522218917884e+00
-1.4539088780011931e+00
1.2553674306055815e+00
-9.9475665926047019e-01
-2.8396284231541213e-01
-1.1064738442640640e-01
-8.2642676374295376e-01
-7.1320002371552160e-01
1.2219895352839889e+00
3.6499654349319982e-02
5.9635464821530912e-02
-5.9220742720264885e-01
-1.6670221360082571e-01
1.2213298877157650e+00
-1.3573907026737524e+00
5.1045341913427911e-01
7.8557142672910740e-01
-9.4605077118337144e-01
3.3578110045278520e-01
-1.6908051329503773e+00
9.7359110820066055e-02
-6.2370998265165534e-01
-7.7255374130793286e-01
1.0499461665825137e-01
4.0803164005922671e-01
-3.4884540066389480e-01
-6.9995699117576582e-01
-8.1945857905565167e-01
8.0676598784547204e-01
4.1709695947750802e-01
-3.1701453933787355e-01
-3.2021409275589219e-01
-2.6563134043533726e-01
-7.6178532585799619e-01
7.8758822876053769e-01
5.3386077696527168e-01
1.4488439032496288e+00
-2.0462043156080405e+00
-1.2892144279410582e+00
4.5313948115285901e-01
8.0448838332253192e-01
-1.6761932706618177e+00
-9.9384942526485276e-01
-2.9865125838386702e-01
-7.2648481118754915e-01
-1.0714617045087975e+00
5.7510909924083933e-02
-7.6481142280010905e-01
-1.8085262832576612e-01
-2.5026069632058923e-01
-9.2287657572375681e-01
-1.2518366984924820e+00
2.9564015863251064e-01
-1.7696502022106646e+00
6.9672446067343397e-01
-3.3504452589044736e-01
3.1150224542995131e-01
1.3571152960052282e+00
-2.1938489491492676e+00
3.2735847237942518e-02
1.2900815584660468e+00
-2.8828984947335673e-01
9.8178901751454217e-01
7.9727374757023650e-01
5.3612151501956662e-01
-8.0680589245540912e-01
-3.4895284905722086e-02
-5.5270991119319046e-01
-4.9703332943238848e-01
-1.5866135562804053e+00
5.3201720002880495e-02
-5.6415175494505851e-02
-8.9269874857008524e-01
-8.0050427015275316e-01
-5.0723916604892028e-01
-1.0710783961463068e+00
2.6474172137214713e-01
1.5928079288132622e+00
-2.4743004102073876e-01
-4.1283417563502056e-01
-1.0942456228166784e+00
8.7088969795425175e-01
1.8672252287125632e+00
-6.0797332165175644e-01
2.2778096160265999e+00
-1.5686168424167612e+00
2.4512920057811075e-01
-2.3810013102960242e-01
-8.0144729965475026e-01
-1.1706351304355465e+00
4.8241839126854530e-01
-1.0631701869341417e+00
-6.8974260627000317e-01
1.0043865302834225e+00
-5.0194580215354478e-01
-9.5999361823727059e-01
1.8027159414410334e+00
-8.9171816253474548e-02
-3.1588847006179221e-01
7.2742949182331396e-01
5.7364875699436146e-01
-1.5253796860198290e+00
-7.6798965677980624e-01
9.0140589155153841e-02
-7.2600080795520849e-01
1.2151402378887179e+00
3.4068688803610958e-01
-7.2200467333803342e-01
-2.2076165475216989e+00
9.6956788844514175e-01
1.7938944138633606e+00
-1.2979001373506907e+00
7.7535185826339192e-01
-9.5074038034036773e-02
-1.1736893838567584e+00
-1.3904458213535922e+00
-6.8832918756464900e-01
1.5946527065900201e-01
1.9662545803378728e+00
3.6583775379751193e-01
-5.3973688828457500e-01
8.8345611171981897e-01
1.9629523321711282e+00
4.9444737089278418e-01
-2.7693772606130451e-01
1.1890201518251866e+00
5.0217270056354429e-02
-6.3504399453452409e-01
-1.1067752210840793e+00
-5.9450001975038558e-01
7.2661698074364933e-01
5.0609276825678307e-01
-5.1051459374782704e-01
2.1733658552692281e-01
-2.0922110240274555e-01
-4.3045566448293843e-01
2.3794249782821758e-01
-8.6142369284560516e-01
6.6797086418611329e-01
-7.4666595210005515e-01
-2.5341454313139140e+00
3.7004159655581868e-02
-2.8986547455729250e-01
3.4069851446468091e-01
2.8870648738090258e-02
-1.6997772827692472e+00
-1.3939677524620766e+00
-6.3552975398262559e-02
-4.4537830639001164e-01
-1.1345565666461246e+00
2.3388141437372862e+00
-5.6670331684517106e-01
-8.4873497426551459e-01
2.0639831035656941e+00
-6.3614864978923236e-01
1.3608185211220956e+00
1.5129819668778237e+00
-2.2071047630512379e+00
5.0768837373625397e-01
-8.0869165048544925e-02
-9.5350299997911836e-01
4.0814524019057880e-01
1.5130692833112924e+00
-3.4433287433696519e-01
-1.0037909112057590e+00
1.0451055234654296e+00
-1.3671045648909634e+00
-9.2482611501154466e-01
-4.2891068236368673e-01
1.4151031471812687e+00
-4.4831630549154916e-01
1.7182194239135136e+00
-2.2667607058108069e-01
-2.8290927814779798e-01
-4.7297773589257902e-01
2.1412254394615690e-01
-8.3154978511133693e-01
2.7237530330086951e-01
5.0795041448939882e-01
3.1243991374703806e-01
-5.6222842176131238e-01
-2.4132472118076556e-01
-7.6290775824632984e-01
-4.1203726668795293e-01
5.5434895632263981e-01
-7.7786045238213408e-01
-1.2773818923248896e+00
7.7450649178897679e-01
-3.6571380050389257e-01
-3.6828980042629092e-02
6.0364975214880878e-01
2.0463406684833635e-01
-5.7129000952730469e-01
-1.1428983512787932e-01
-1.8255767048361864e+00
1.1429001585304481e+00
4.8785176437180411e-01
-2.8943478029457109e-01
2.6390788779227531e-01
1.8816379225158082e+00
-1.4381804668865589e-01
-1.6896833361240597e+00
-1.8302232971850857e-01
4.3261228849721739e-01
-1.7525472928592025e+00
-6.6285365043673605e-02
2.8682452621490184e-01
-3.4942486515646543e-01
-1.0631335797279040e+00
1.8969554410835279e-01
-4.9722848823570254e-01
1.0896432712983519e+00
1.9209089126904408e+00
1.5827552586826055e+00
-2.1451849302810118e+00
-3.6391807133271065e-01
1.4102994312955004e+00
5.1983362889978818e-02
-6.4441699145801534e-01
-8.4860538148096643e-01
-1.5783387521058537e-01
3.5207140671964197e-02
1.0089262976591171e+00
-6.7675664070466435e-02
-1.3239961207228141e+00
-1.5265556575009731e-01
1.9242865989016813e+00
-4.5409363980974382e-01
4.5373330500572279e-01
-2.2757499216385410e-01
-1.9140196181426146e+00
9.2851517401935080e-01
-5.9273813792486796e-01
-5.1195963128778610e-01
8.9157430561143980e-01
-4.5428724790091279e-01
1.2826511127711766e+00
-1.4795132388377737e-02
-2.5343252509566501e+00
-2.4764921424573383e+00
1.6289986323501284e+00
8.4894145895056672e-01
1.3258992063504627e+00
4.2335838032906059e-01
3.1292033315079515e-01
2.7729875175293212e-01
1.4408606014114226e-02
-4.1217851503119562e-01
5.1621549259075739e-01
-1.3016052623178379e-01
-5.8065171301887075e-01
2.3671142405325827e+00
3.3549170163184555e-01
-1.8849942645039175e-01
1.0029117366632669e+00
1.5744181637523207e+00
1.1432752739835329e-01
5.1237708282725714e-01
-3.0164810438088724e-01
-9.7897944087663502e-01
8.2831797959388864e-01
4.5271853826388925e-01
6.4531028906477128e-01
7.9042876611238022e-01
-5.1597951184261948e-01
-1.8995303456249402e-01
-3.5640456456873265e-01
1.1494104500445809e-01
2.3568502094831505e+00
-6.7787357184748265e-01
1.6499123719988389e+00
2.1494163913778768e+00
1.0163520022642933e+00
8.3028951651935601e-01
5.5436293787039737e-01
1.2882952488186894e+00
1.1978255999775442e+00
4.1087715652229090e-01
8.7014191009018349e-01
-5.5359520243003224e-01
8.5689024088047872e-01
-4.1404354797962184e-01
9.4408033550443304e-01
-2.6025700731829876e-01
8.7343988222516089e-01
1.9330275898280638e+00
6.2925255380901790e-01
-2.2203203745089328e+00
-8.4729417232670878e-01
-1.1019941476096817e+00
4.8601858118753044e-01
1.8559262026196126e+00
5.3261898785104334e-01
-4.9786843134495062e-01
-1.8045982655955768e+00
2.1446647863896215e+00
2.6622784136390615e-01
-6.5787555869118051e-03
-2.8648010369474969e-01
-5.0939474685696884e-01
6.1026132281876710e-01
2.7473690176683836e+00
1.4542632057976519e+00
-2.8582527689846909e-02
1.2418765082323757e+00
5.2178628924176018e-01
4.1819235976408353e-01
7.4473161936452503e-01
8.8321966215868075e-01
-1.4467526997984832e+00
-1.4989958056473349e+00
1.0550512257380877e-01
6.3762773608962675e-01
1.0147028640066560e+00
-4.7991985010186156e-01
1.7259342780668163e+00
-6.9759119300309413e-01
3.3542250970125181e-01
-8.0009291050506159e-01
1.9156293013154460e+00
2.4015768987997985e-01
-2.9700908519276692e-01
1.4468883824238976e+00
-5.1451744930518195e-01
6.4454125687698149e-01
1.0754335458031818e+00
3.3594572293934039e-01
3.2948773573737189e-01
-7.1264459124271776e-02
1.1071140627401155e+00
-1.4989751702754353e+00
1.9358181951945985e+00
-5.7245307070699147e-01
1.4814994411118962e+00
1.3838324400454030e+00
2.9766332396454404e-01
-3.7465263098362656e-01
6.8864139720318795e-02
-5.7059956026822456e-01
-1.2792291591179847e+00
2.3320650810083211e-03
2.3136234516683700e+00
2.5917895147685427e-01
1.1023965376107001e+00
-6.1341143812765908e-01
-8.0952239654622482e-01
3.4531524657566859e-01
2.6478674536502687e+00
1.9617925331456831e+00
1.2479439118030651e+00
5.4467754087433529e-01
3.8468388596989372e-01
-3.6083661919302207e-02
1.7639734215362843e+00
2.5943742417954230e-01
-2.7053935214672375e-02
2.0229084377184061e+00
-9.4492174821624135e-03
-1.4277665841017217e+00
3.8535903590632337e-01
5.8918177411306027e-01
-1.1709146156679286e+00
1.6231167811954241e+00
-1.1343732034539025e+00
1.1690806946051351e+00
6.8725848777301790e-01
-1.3307392134899443e+00
-4.4623625013904966e-01
5.5476479802238521e-01
3.1858674501604911e-01
3.2310531254177532e+00
4.3171106776961599e-01
-4.4066056677542521e-02
-4.4506204299182894e-01
6.5327966395312753e-01
-2.1758795617533164e-01
-6.1071790008729199e-01
7.0659823160438173e-02
7.5456855075087281e-01
6.0956091213081498e-01
3.2636385265090601e-01
5.7663159622172633e-01
-8.3252204800479568e-02
9.6859097188633086e-03
-3.5544409124985382e-02
6.1082846714926387e-01
4.2149617448553889e-01
-6.9813983046965988e-01
-6.1643702266657030e-01
2.6030216011242252e-01
1.3001914407531583e+00
-2.9502969518462946e-01
5.8893610543515940e-01
-4.7483041730930553e-01
6.3447045095326771e-01
1.4297049467402156e+00
4.3427112656807365e-01
-1.0305850990020622e+00
-8.5976851241384533e-01
-1.2592474942568348e+00
-9.2708094192526846e-02
-3.0386879279048767e-01
9.7305135883034621e-01
-1.2149577125245123e+00
1.9318949949277300e-01
9.2181976991493264e-01
1.4258578063519136e+00
-1.6128547884307047e+00
1.4925585838637829e+00
2.3716687280751572e+00
-8.5020125937160529e-01
2.3393780204157411e-01
-9.6198008235427424e-01
-6.2636161252532585e-01
7.8426017591668473e-01
1.3936259180500383e+00
1.5318724274982105e+00
-1.3201808228223733e-01
6.3446344209441008e-01
2.3032192411597938e+00
8.7364293241072744e-01
8.1991817736081285e-01
-2.3469463611386457e-01
-4.7643699055460137e-01
-3.5496443607076072e-02
5.5131524873815152e-01
4.7364178156021453e-02
-3.2152368555164323e-01
1.0296277312213982e+00
1.0083090397257179e+00
-4.6920493396262836e-01
3.9521360016748175e-01
8.2889582903409409e-01
-8.6694074467915516e-01
-1.2593129285368541e+00
1.1523741030400014e+00
-5.5791115361574206e-01
-1.1972805112379785e-01
-7.6904633934510158e-01
8.9537191648787218e-01
-7.6449886521707144e-01
-6.2659445189034357e-01
1.7852512742022657e+00
1.5253210179865703e-01
-4.9525415706412967e-01
-1.7646981061174118e+00
-4.5158735915104276e-01
-3.8480242604335746e-02
4.6941027962224526e-02
1.4272013107364523e+00
1.2812004598137483e+00
9.3796093390195390e-01
1.4653289165603798e+00
-2.5724840548791816e-01
1.0492361767386376e+00
-7.0495034056952899e-01
1.1726150502025638e+00
6.9680920681019376e-01
-5.2023970691067034e-01
-5.4086924574102668e-01
1.9258416367691861e-01
-1.1456646781602967e-01
2.8200523560593710e-01
-1.8330042638245023e+00
6.1988870114762862e-01
1.3462567320914149e-02
1.5290822490824627e-01
-5.6593921359410986e-02
1.2513932265021008e+00
3.9132076911553276e-01
8.2886642399640428e-02
-1.0069071997244488e+00
1.6041723341265450e+00
4.3476274979213958e-01
-1.0359045012982873e+00
5.6021491378280142e-01
1.2445303008904249e-01
4.8015685760185911e-01
-7.2358967077360936e-01
8.0895506888471336e-01
2.3165909488900036e-01
6.7478009151429863e-01
2.3245836769371894e-01
-3.6652686987722977e-01
-4.9022279297617655e-01
-4.9830801577593581e-01
3.0461701455528739e-01
2.0559000694225751e+00
-1.1459135040989862e-01
-2.6715131737136910e-01
2.1992156280469821e+00
1.5801304130581298e-01
-1.0164527039672425e-01
-2.3552950309707149e-01
1.0367569817279703e+00
5.6112085477760598e-01
-1.3790969067703924e+00
-1.7476009549134477e-01
-5.5847039694284617e-01
9.4434945299844941e-01
-1.0874641969138552e+00
-6.6598196002489785e-01
-4.4288617500338390e-01
1.3057238594140230e+00
1.8277336749105133e+00
1.6189820604980685e+00
4.6151106840559375e-01
