N(0, 1) n=800 0.3
0 800
2.0344877700110739e-01
6.6262828731586523e-02
5.2169892946110052e-01
2.9842054455200084e-01
-1.6884242322126351e-02
2.5241707634567445e-01
-7.6916743369236129e-01
1.5743629116038875e+00
-2.8064250068537733e-01
1.0482432124790672e-02
-1.0546890056278428e+00
7.3835404922637415e-01
-6.6997706147236313e-01
-2.0451387038065372e+00
3.9900838950252832e-01
-3.7298870765994779e-01
-1.1358177854376343e+00
1.6670464748070928e+00
-1.1107198657807158e+00
-7.5455474359400510e-01
1.0374687730200343e+00
8.4404238630502371e-01
-5.2341231546731404e-01
-1.3703566460907682e-01
-5.1460914266152935e-01
4.8340946863883416e-01
1.0729419500873258e+00
-1.2721180470198128e+00
4.2941836295067665e-01
2.1239116803720862e-01
-3.0307124692952767e+00
-1.2793209705815805e+00
3.9087752844595275e-01
7.5972491053655378e-01
7.1189794906178884e-03
-5.8436184356134024e-01
2.5343699497728206e-01
-1.9176135025562660e-01
-1.4489856756278721e+00
-5.9252317481421846e-01
-1.8519399645304389e+00
-9.7717674957261705e-02
1.5014165747213730e+00
-2.6600429779415982e+00
4.5262477965940401e-01
-2.0644958826519355e+00
-2.1379382941387459e+00
2.2327688157496572e+00
-3.5680134682041947e-01
-8.8530539767952132e-01
1.9081110331749864e+00
7.5866361116299608e-01
-3.7339580546009048e-02
1.2305837634561656e+00
-2.9567627079257586e-01
1.7586089347483016e+00
3.4412094375753954e-01
-8.9551306469406211e-01
1.8518937353705023e+00
2.7274407632990244e-01
1.5523256104639510e-01
1.5518201205187148e+00
-4.4003483256849907e-01
1.2232299678696712e+00
-1.6928748129305891e+00
-9.6117564085905760e-01
-5.9093565289330019e-01
-2.5473332589678338e-01
-2.4869221279465430e+00
-9.4440278062917896e-02
1.2449516678108334e+00
-5.6615045173205170e-01
1.3112256631388666e+00
-1.5336923153803326e+00
4.0547568752370122e-01
-1.7594374800564838e+00
4.7895027958151026e-01
-1.8964354528940014e-01
-1.1097093285756079e+00
-1.0344547043568044e+00
-9.2764985381071063e-01
-2.4250539380139009e-02
-3.5707741505847396e-01
-6.7690645696099427e-01
-9.3628768098943171e-01
-1.5406314889317212e+00
-4.9725002855610889e-01
-3.5612217644949973e-01
1.9917547201010430e+00
-9.0993388893524207e-01
-4.5951569992158914e-01
-1.7447879006773076e-01
-2.9981513014605721e-01
-6.7311841674618222e-01
1.3570911347730072e+00
1.0637562240258431e+00
2.0840581337029621e-01
-6.2640488513565751e-01
5.8156981993548651e-01
1.2254850125940269e+00
-1.2501340717862017e+00
1.2846715578665338e-01
1.6651007330763812e-01
1.2122182236438916e-01
1.7365718824196824e-01
9.5635712229808756e-01
3.4828761666792546e-01
-3.9042946064259859e-01
-1.0322410420139079e+00
8.6679686280217855e-02
1.0633828572263724e+00
3.5794994516592132e-01
1.0295463798391395e+00
-2.1854606509412464e-01
-5.7072722210049065e-01
7.1949571840166857e-02
1.1432790283307959e+00
2.8241136271600858e-01
-8.4765957727541208e-01
7.9501386011075648e-01
9.0497991803446654e-01
1.4073705190361556e+00
1.3964000704841506e+00
5.1409245248811719e-01
5.9490631482604264e-02
2.2476169182044328e+00
9.9178065215746902e-02
1.5303076456298879e+00
-5.3925767423158788e-01
1.8551406874766299e-01
8.3039098617647089e-01
-5.6713550403769075e-01
-1.5221759577740981e-01
1.9865545162407434e+00
1.3352378681613444e+00
8.6795483088971348e-01
-8.5935150059831622e-01
-1.1394613749267124e+00
-1.1492621640461069e+00
3.3126319682105110e-02
7.0285467048093531e-01
-6.2194442216904351e-02
-6.5681755567216005e-01
-2.1633244691462048e+00
1.7764742110356215e+00
-1.1721908089140343e+00
9.0930746475990964e-01
-8.0422942449722845e-01
-3.1908417392227845e-01
-5.4521062081023708e-01
1.0125069031176093e+00
-1.4764844384714326e+00
1.3821983372671393e-01
-4.5079433417064529e-01
6.8951941845415532e-01
2.0010287747563091e+00
-3.4748944716309110e-01
1.3477729575964674e+00
-1.3312949888318530e+00
2.9725409627190552e-01
-9.7293147206249975e-01
1.2346116290573610e+00
1.7338666399902789e+00
-6.1683493659264670e-02
3.2466222030163633e-01
1.1250210275363139e-01
-6.9182101393609274e-01
1.8826737386896886e+00
-9.3687509020749932e-02
7.0003810977696901e-01
1.1465016219754329e+00
1.6285195973954918e+00
1.3002424703823801e+00
1.1957823197565374e+00
-2.2794579589686118e-01
6.2029390060946765e-01
-6.6736932697645008e-05
6.7003861484039851e-01
-8.9385271519925158e-01
-3.0041483080123210e-04
1.3551168953414330e+00
-1.0450438413681424e+00
1.0256058232832073e+00
2.8117692654565305e+00
-2.3276684130830638e-01
2.1012774970373469e+00
2.4310002226950594e-01
1.6862128198582320e+00
1.8368628095544101e-01
-1.0690292954695400e+00
5.7943717391161320e-01
1.1268615334323091e+00
-3.7879712594768067e-01
2.0072382075015951e+00
-4.4259775273688129e-02
-5.8927407284488620e-01
2.3751371825811726e-01
4.7055347084880600e-01
1.9702476097839552e-01
-1.2456636938789021e+00
9.1773367050149290e-01
6.8498148899044908e-01
-1.1366868143873468e+00
-5.6370928321772462e-01
1.0371519671475604e+00
-1.8651147518656838e-01
1.2379358550274511e+00
-6.6965449711679692e-01
3.6832395182845051e-01
9.1319164487520921e-02
-1.2681094698860276e+00
-5.6333106924685539e-01
-4.8993679796731532e-01
-1.0843658995539898e+00
2.1566187044146989e-01
2.9941132194248604e-01
6.6816587914446179e-01
-3.9522976050506825e-01
-4.7991059835490479e-01
-5.8128477463124339e-01
-6.0811604927787632e-01
-2.5286395676585960e-01
-6.8980703883359762e-01
4.5515733359417454e-01
-2.9957521530082626e-01
-1.2914329915775482e+00
4.0485329290236816e-01
5.2953990157939024e-01
-6.0508456170706870e-01
8.3061482542209553e-01
-4.9697399635255081e-02
9.3193007391523017e-02
-7.6958688621306170e-01
-5.7849000505833792e-01
9.9190465587373100e-01
-5.8781307292349115e-02
-6.7629086822027551e-01
1.3718796844613304e+00
2.5342236344279065e+00
-3.3017047699779206e-01
-6.4230302461196964e-01
-6.9742142410046171e-02
2.8469749228199698e-01
4.7660595592405619e-01
-8.7405920639618073e-01
1.4615308904660965e-01
2.4524693391057453e-01
-5.7116068576619461e-01
-2.4893304510534428e-01
4.7405367855922703e-01
-5.3930424956356071e-01
5.7666000341921242e-01
1.4958082724950523e+00
6.5663273863664084e-01
-2.0528652585459217e+00
-1.6373942378318551e+00
4.3336831959333355e-01
-1.3212584950583870e+00
1.4217709953236917e+00
8.3188586998180236e-01
1.1018241699754827e-01
-4.5487081543256619e-01
-1.0309530773025710e+00
2.9015193017806551e-03
-7.2533740929074753e-01
-2.5985619334318916e-01
5.7862045723811029e-01
1.0960244301310016e+00
3.0686713442187236e-01
4.0651616636507620e-01
8.9448609474452032e-02
2.8394356467614335e-01
7.2759553221800732e-01
4.0846561033130757e-01
1.2134665508921116e+00
5.9294588426366468e-01
-9.7444289004063722e-01
5.8007415227095482e-01
-8.1909493579440762e-01
1.2985459646438575e+00
-1.0793754615829554e+00
-4.6448051544927893e-01
-1.3702739773335775e+00
-7.8747430149449771e-01
-5.0716556889738562e-01
-2.4289447838567535e-01
-1.0903488939688091e+00
1.1963992092179616e-02
-4.3290824965993885e-01
-2.3794834310506999e-01
-6.7816469703516702e-01
7.9453582508702625e-01
2.6557697474233342e-02
5.9021930766671526e-01
-5.5774596677909372e-01
-1.8784422228128432e+00
-2.0946781219184309e+00
9.6841510766998051e-01
-4.1451204909927580e-01
3.8693060055248550e-02
5.4790344217047815e-01
-7.3065091504949065e-01
4.6891423010466543e-01
9.0085063147269817e-01
1.6601187126312120e-01
7.7404182372826058e-01
6.5660901107816236e-02
-1.2787429662470735e+00
-7.0240687849287242e-01
5.9845433441258655e-01
-7.3777427858249944e-01
-3.3927246716277820e-01
-2.3507798128226534e+00
6.4501559865055902e-01
-2.1210192348010746e+00
1.9219772107317419e+00
8.8635750552008630e-01
-7.4499377545967782e-01
-2.8191549215994832e-01
2.7917625383339178e-02
4.9087744515705051e-01
-1.3321752192297893e+00
1.7811809440256228e+00
5.8943720258972288e-01
-5.3321712005036437e-01
-2.1052223508430171e-01
-6.6025136350462699e-01
1.3243115191725294e-01
1.3414602946452463e+00
-5.5347339891228098e-01
1.2025897921484470e+00
8.3096188226262779e-01
3.2443781341423228e-01
-6.4855472794462621e-01
3.0948664011959622e-02
-8.9047615729536322e-01
-8.4056538780069284e-03
-2.6452177301313928e+00
3.9812387185363973e-01
6.5659226588448127e-01
8.7481005683056071e-02
-1.1030935126953421e+00
-3.4388346799792968e-01
-1.9472266166928207e-01
-4.2386793953379726e-01
1.9333153483224197e-01
4.2123426149882914e-01
3.3773831110652397e-01
6.5193092175127376e-01
-2.0370615003008097e+00
2.1766639476900742e-02
-1.5375403828523557e+00
9.4250284489944547e-01
-1.1380016461029372e+00
1.1744860491719933e+00
-7.8919115742728163e-01
-2.6006392467769313e-01
-1.6419893149417450e+00
4.8251565398238477e-01
-2.7160706390421041e-01
-5.2747459832699059e-02
4.8520777245785829e-01
-7.7750803380110001e-01
4.4812874904156375e-01
-1.4444593436143672e-02
8.8874670143831136e-01
-9.0917561240990385e-01
1.0127787237280552e+00
5.8772333166027546e-01
-4.7135919424194578e-01
5.2364998207340685e-01
5.5700740744782151e-01
-1.0042370659522581e+00
-1.1060242028341010e+00
-3.3525881180460043e-01
-7.0827306919430644e-01
-9.3519821211544985e-01
-1.5353729264023368e+00
-1.6082324072464658e+00
2.8874117405635280e-01
-6.5520143988906365e-01
-8.7787700023945151e-03
-7.3522442391632736e-01
1.6673678819198012e-01
4.3661516202494832e-01
-1.9394469243257384e-01
-1.8023706060176934e+00
9.3074390897626191e-01
-8.8122971242241221e-01
1.8018712706117282e-01
-1.5795585179160103e+00
5.8738303745511733e-01
4.4658392370946742e-01
2.1566738518924794e-01
8.4386654751625845e-01
-8.7956882927846369e-02
7.2538463127660180e-01
2.5840781322559825e+00
-6.2107324308584400e-01
1.2221398232579511e-01
1.5999084342436061e+00
2.1304841912964378e+00
1.8720978335698246e+00
-1.7148798952385262e+00
-5.3664159357959706e-01
-3.6883651590539218e-01
4.0442217648004647e-01
1.4618782218617190e+00
3.6424704271786218e-01
-7.7227339217462787e-01
1.5239094960771600e+00
-3.9219023515502160e-02
-1.2018993066505539e-02
8.7485491069177590e-01
1.6691797853066737e+00
1.9289855016404331e+00
1.5785674321256919e+00
1.3463770951152325e+00
1.8656999270912036e+00
3.0670155758364004e-01
2.3750936644939652e-01
-1.4476273142274207e+00
-2.1925868738406834e-01
1.4630179494115423e+00
1.4342703998938191e+00
-5.9573834534197834e-01
3.2079508106601057e-01
2.5084784981138508e-01
-9.4240910717064830e-01
-1.3691164258182639e-01
6.2122794201621867e-01
-5.4703458227074564e-01
-2.2047926971413409e-01
6.7052728765963232e-01
-2.3246239875373781e-01
8.5761528254188657e-01
6.8797062458734670e-01
-1.0490186721668082e-01
7.0265041617582513e-01
-6.7047552868951887e-01
1.2379203370878420e+00
-1.2185242269176362e-01
3.8334832995350215e-01
1.2098905699833504e+00
-3.5715406477455774e-02
3.6224102929547664e-01
8.8261481714424395e-01
-4.8751172201450493e-01
1.2249273754044749e+00
1.9413839600850953e+00
-5.9716528769481553e-02
-2.8807198050261168e-01
1.4252672545475957e+00
-1.1039911270575511e+00
-5.1761881445719016e-01
-2.6426587377944516e-01
5.0486174871922818e-01
-6.8115985773058629e-01
6.1567487196626081e-01
2.0411130990278439e+00
8.1513490436688729e-01
1.5766951234492026e+00
2.8958088708590846e-01
1.4136214815852102e+00
-8.6170255538718799e-01
4.8491175412698995e-01
1.3472989670653566e+00
-5.4685969313578364e-01
-6.3696066690775766e-01
-9.2973227293087546e-01
-3.9762023004501407e-01
1.3606796081729167e+00
5.8859360917583914e-01
8.2492872680725374e-02
-1.1236632550522443e+00
-1.1720317592692572e-01
-1.1025607925417831e+00
-8.1342995349351832e-01
-1.7230122150232893e-01
7.4518244324962302e-01
-9.1464868991200335e-02
1.3582213693772682e+00
6.5999711491357027e-01
1.7372773715495413e+00
6.9850781038594503e-02
3.7887792714708068e-01
6.3543745113107314e-02
8.3618868530169521e-01
2.5013728863815303e+00
1.4568244608646386e+00
-3.2409722577919831e-01
5.0883822269641321e-01
4.3874485154410570e-01
1.4702662413060310e+00
1.2638638937428468e+00
1.2812164441992284e+00
1.1198607548023787e+00
8.3645327689454274e-01
1.3423861187520818e+00
-4.3042543401373484e-01
3.9919287428269257e-01
1.2721291574971677e-05
-1.0291192132023035e+00
-1.2507985208133874e+00
8.6796582255525734e-01
-1.5967566821800936e+00
3.2449757383519678e-01
2.4608132819662207e-01
-8.3635168946351712e-03
1.6397400233857080e+00
-5.4784174979656941e-01
-7.6263653515102114e-01
9.7406261145654505e-01
-8.2991436665622337e-02
-2.4483382735954989e-01
-6.0372040677222405e-01
3.9892968550507885e-01
5.2135383789287848e-01
5.9412640977080988e-01
-1.2627357616038579e+00
-8.6129107285332163e-01
2.6355099201192500e-01
-1.3725665122421431e+00
-6.7021897273484149e-02
-9.9085203804611477e-01
1.0854965114674562e+00
-5.4984620981050825e-01
-1.9179549163330272e+00
-1.0368165234690900e+00
1.5659019721297947e+00
-5.9618264584948855e-01
-9.0658854726311695e-03
1.2225286918267844e+00
4.7650121857485039e-01
1.2953873046189501e+00
-8.2232725940090690e-01
5.5673526361189640e-01
-1.1466486713301016e+00
-8.9090495055774444e-01
3.2094231139252721e-01
3.6847011936997270e-01
3.3080101780837659e+00
7.7575978606143892e-01
1.3346835922610184e-01
2.2248506836095690e-02
1.4393268268210277e+00
8.4875369419827917e-01
1.8336505579092293e+00
-1.1134627623930247e-02
6.2672276624535606e-01
-1.9524290581389556e-01
-9.9419608451402919e-01
4.9146997461184938e-01
-1.4700557806420000e+00
1.4610544255399571e-01
-1.3695018360700923e+00
6.9205374802709030e-01
-1.8788857285872207e+00
3.8123984476804224e-01
-6.0680562882175193e-01
-9.6561763524234379e-01
-6.0596456641373586e-01
7.1538239247093405e-02
1.9696325826872860e+00
8.3065102408391711e-01
8.9529362980192617e-01
-3.4047280815802605e-01
-2.1809842971068669e-01
6.1332863025184881e-01
-1.2649257116585236e-01
-1.1489310250551563e-01
-4.6782669786823655e-01
-5.9673727316406311e-01
-3.5044612658927193e-01
-5.0392591678656806e-01
-9.0464958328434020e-01
5.9017487550750702e-01
-8.3322637882405726e-01
9.7249664877241226e-01
1.7789852266707917e-01
7.2755904124735660e-01
-8.9377066294707574e-01
-5.0380235004888729e-01
-7.2076898049283555e-01
4.0051094177443891e-01
-8.3435284507351964e-02
2.2244699730196760e+00
-2.9100815948239012e-01
-2.9763811081810354e-01
9.1781259839634932e-01
-9.6025823717928477e-02
5.9794502219792123e-01
6.7284908232447338e-01
5.7413132359047980e-01
8.0076544213305167e-01
1.1637404040084294e+00
-8.6085633279218421e-01
1.6080433664340430e+00
1.0634248874892900e-01
-1.0428726763587094e-01
5.8808290792374718e-01
6.1380531045287512e-01
-2.9830744118129054e-01
1.6908558271184707e-01
-4.4985570541946895e-01
9.6998305423833942e-01
5.7184945124936359e-01
1.2046654799230547e+00
1.0942131046278902e-01
-6.0868057349079729e-01
1.4353933336003875e+00
1.8737243234517937e+00
6.7657564097568623e-01
4.5428458301673891e-01
2.3053306992158495e-01
1.8459630980026167e+00
-2.9109978645762946e-01
-1.5640880634537901e-01
-1.5511198277128113e+00
-6.9128295285288310e-01
-2.9481685069915442e-01
-1.5359540537484158e+00
9.1188242238703510e-01
-8.2583295643609567e-01
-4.5017792528646394e-01
2.8744756396873766e-01
-5.6763351162545295e-01
-1.0127764351948559e-01
9.4991382413796033e-01
4.2348606876479518e-02
6.1342594892493851e-01
1.7887650475954480e+00
8.7496475483276248e-01
9.6525172552824987e-02
3.0422968326317434e-01
-1.7166709079850972e+00
-1.2763322080071791e+00
5.9673679055230699e-01
2.1699487890903972e+00
3.3791313264355571e-01
-7.2290748933290105e-01
4.1124149647395319e-01
-7.4670476981227224e-02
3.7427498068496529e-01
6.6873016103648319e-01
-4.1229066436820466e-01
1.6109099231071031e+00
1.1230075818374170e+00
6.7441495718827316e-01
4.4077166992952543e-01
1.8175100227502794e+00
-4.3953496353375709e-01
7.2638347846038354e-01
-1.5612652920758157e+00
8.2686404437062444e-01
5.7600166484424387e-01
-1.7108337000099699e-01
4.5335678594518625e-01
1.9370460833843328e-01
-7.2366468361996483e-01
9.0387727123589034e-01
1.2150014989187963e+00
1.0263297665542763e+00
5.2305865647536987e-01
-2.4914355667610098e-02
1.5321963060912989e+00
1.4929444261279172e+00
6.4816448591458797e-01
6.5419732028049093e-01
1.5019661866912568e+00
2.9947190219401881e-01
-1.1718417595730664e+00
1.2884369185830824e+00
1.3123347842032700e+00
-8.3131856854123043e-01
2.2383112709296098e+00
-1.1234733958479262e+00
-4.6063835164355149e-01
-5.4024196484692455e-01
-2.1276375715218127e-01
-1.6777396201225803e-01
-2.1555399277092541e-01
1.5018836890885987e+00
1.9899269752615062e-01
-6.6013555468593266e-01
2.0992696658146948e-01
2.3418663238120274e+00
-4.0572131705216941e-01
-1.2375357696402640e+00
1.0236333869345660e+00
-6.1464777489536504e-01
-1.1263772034427811e-02
-2.8028294674283216e-01
-5.2301077667444129e-02
7.2432541196461822e-02
1.2602901471083261e+00
-5.6516605572436041e-01
9.1418131648599810e-01
1.0457365076705214e+00
2.1645812385580893e-01
9.1616338090749749e-01
-9.3469829056301135e-01
-1.0549792450480153e+00
1.4235214021964713e+00
-2.4540077683298536e-01
4.6317151357371272e-02
6.5129836093087451e-02
9.5435894695382284e-01
7.3125974644540057e-02
1.6680989603208038e+00
3.9317474266965297e-01
2.8066647121912640e-02
-1.8646313040474607e+00
1.1881299286913991e+00
2.1257358389443972e+00
-1.6368019872833921e+00
6.1413670436410839e-01
-2.7810873537967234e-01
6.3168497507607213e-01
3.8591373784720756e-01
7.2867616024793724e-01
1.4480641551262536e+00
-2.9739142341347519e-01
2.5350094098336518e-01
1.6024840003916192e+00
1.8508754133354285e-01
1.8921004543487434e+00
1.2561156950935610e+00
-1.1090229206295199e+00
5.1810927554871145e-01
3.2001118294042163e-01
6.3037745331657458e-01
1.6335851945312276e+00
-2.9240486419455767e+00
6.7739986174343181e-01
6.3919316750340482e-01
1.3276774613002782e+00
4.2044736201353561e-01
8.2025106614363597e-01
1.2708459463019606e+00
2.2326740813051540e+00
4.5076805799456027e-01
-1.0216567789784519e+00
-1.8487432478551191e+00
2.7242135012216068e-01
9.5739919446530664e-01
9.7920340297361508e-01
2.4422440472501346e+00
2.3706929417022840e-01
-5.6550470973416278e-01
-1.0147727032148686e+00
1.6588402535907147e+00
7.0931345145277058e-01
6.4475072957728108e-01
2.8113212968981688e-01
-2.9647280527824604e-01
9.3715054756467442e-01
1.1932380431278269e+00
9.5759046875027079e-02
-6.9080557399563125e-01
-5.6607148525760220e-01
1.8947632499435023e+00
-3.1350861774231707e-02
2.4022693287800023e-01
7.4845188065369317e-01
-1.0647319076639006e+00
-5.8613946325768707e-01
3.9009144648848998e-01
3.7160270262033940e-01
1.3181902696031735e+00
-1.5375222041954895e+00
-1.1604909723087295e-02
1.3611840068354091e+00
1.6237466881439763e-01
1.5167089518119885e+00
-3.9396851178691306e-01
-3.0157975084526761e-01
1.3665863705702117e+00
-5.4906160559177974e-01
-2.5909736231524823e-02
1.0330247684775249e+00
2.0540453913600870e-01
2.2832916131504222e+00
-1.4063846028580194e+00
1.0411256495954762e+00
-1.0624396831162735e+00
1.4103888206072710e+00
-9.1962524735485962e-01
1.9026870761615172e-01
-9.8337963322344228e-03
-2.2401444033019816e-01
-1.3363455234009544e-02
3.6298244578602018e-01
-7.6887595176010015e-01
-8.9610506698985148e-01
1.1064725308265982e-01
4.4099191199935217e-01
-1.0756453231049361e+00
-2.0887541426337092e-01
4.1771652033955714e-01
