Коши (0, 3) n=1000
0 1000
1.4714626334573757e+00
8.0494159815524995e+00
-3.1705632484843322e+00
-4.4319977583105583e+00
-3.1061074789834446e+00
1.9934474245579241e+00
-2.2263149923982795e+00
-1.7495754063297837e+00
6.9801191943580987e-01
1.8838350824702146e+00
1.9497280816704199e+00
-4.5477932243353241e+00
-4.7361769871555118e-02
5.4211181756250166e+00
-9.4113333706608913e+00
3.9180944533404887e+00
-6.9443250671596879e-03
4.9345769102932957e-01
-2.3931343751614125e+00
5.7976190191524735e-01
-9.1186154097576591e+00
-1.3755495957779533e+00
-2.3020108309246727e+00
6.0264538089276432e+00
8.6675468048574409e+00
2.0114253722432105e+00
2.2984739502717520e+01
5.0460935737434056e+00
-4.5239935906545874e+01
-9.0235447735736329e+00
-2.9504193999991930e+00
1.1142040900756370e-01
3.1192846338762950e+00
6.4097685482474598e-01
2.7585764812913616e+00
2.0078159107219227e+00
-2.2619631396780218e+00
1.0461246647466460e+01
7.4332080038727644e-01
1.6230899626167002e+01
-2.6620465782677702e+00
-3.9143557589882603e+00
-1.7192202800015168e+00
-7.8654680867305995e+00
1.0255518137048089e-01
7.6417517231411168e+01
3.9769625528375214e+00
1.1614600432742606e+00
8.6497096801830764e-01
1.1673897309343366e+00
1.4755745492105758e+00
3.2425139070178299e+00
-4.8212190993190864e+00
3.0833401810201240e+00
-5.1925359747322397e-01
-1.3588097951220715e+02
2.1269113155519317e+01
-1.9403709378311058e+00
-2.9186128133086246e+01
-2.5292559808016483e-02
3.0216290934678609e+00
-4.6410179543917547e+00
-1.7157836193818290e+00
-4.3386521557006368e+01
7.7638638214541011e-01
2.7734908523362467e+00
4.9252893208519080e+00
1.0274640952919787e+00
7.7158502193200434e+02
7.7294035113614123e-01
4.0678897473117583e+00
6.7018250858038053e+00
1.5816885742654283e+00
2.0811552817450387e+01
-6.4583167079439630e+00
-3.0924163949227985e+00
-2.0965254578247214e+00
-4.8276104128233701e+00
-3.8427810706760390e+01
-4.3742677974477729e+01
-5.8333005282331793e+00
-2.1488434111074328e+00
1.9060579094829246e+00
-4.2247964088247967e+00
3.3602553250941747e+00
-3.1287926108144384e+00
2.6001079083493792e+00
-2.1565829188452268e+00
1.1797405375403709e+01
-7.9320940995337693e+01
1.6841981682966387e+00
1.7867643137162406e-01
-1.5996708148110628e+00
-2.0073191371682575e-01
-1.0407357665272514e+00
3.5844484679786675e+01
-1.9747618134650400e+00
1.3387989943534100e+00
1.3168456989664183e+01
5.1924700450570525e+00
2.1982860271798792e-02
6.2335329475141776e-01
-8.5698834799872003e-01
-2.3756195232325336e-01
2.0762480274054491e+00
1.4151292904916362e+00
-1.0304740632665936e+00
6.2880923228041918e-01
3.7072315392675730e+00
-2.4384966352299053e+00
4.2343297591117484e+00
1.1317410944236217e+00
-5.7683328779068010e-01
3.8509250482226602e+00
-3.3804478842921832e+00
9.9901000289979747e-01
7.4640424444561733e+00
3.0523360406437119e+00
2.0969172138928687e+00
-5.7736191108109933e+00
6.0632110164718419e+01
2.7992836989287978e-01
-5.9953280683345032e+00
2.7132311180902957e+00
-1.2363996384990378e+01
-3.8579238112844272e+00
8.7443378384050063e-01
-1.9315191116203281e-01
1.9001328147859184e-01
1.3178906120204750e+00
-3.0811537672940620e-01
2.5681679381984486e+00
-6.1085885876457464e+00
-8.1767573320901754e-01
-1.8729468190688354e+00
6.6926022321120771e+00
3.1480287985047344e+00
-5.0610350520029346e-01
-4.8785122094226905e+00
4.0166984451989135e-01
-5.9467315984680038e+00
-1.7197130382015722e+00
2.0703705768786160e+00
3.3846380723597184e-02
-1.0630750739684536e+00
1.0548188270975445e+00
-2.0421020649034552e-01
5.8774494414944147e+00
-1.4495835452488326e+00
-2.4618301052065843e+00
-1.9262728576753286e+01
9.4916696220353867e+00
-6.7811584258730984e-01
-1.8083986041602145e+01
1.5307586612955935e+00
5.3411376871461669e-01
1.3413922425812308e+00
-2.3282530458394817e+00
-5.0829567310808754e-01
-3.5233519632151196e+00
3.8000062785158117e-01
-6.0886983409221855e+00
-2.9654777461735562e+00
1.1102754473380121e+00
-4.7951167410846685e+00
-2.9829999576060579e-01
-6.0716143785875945e+00
4.2800252828477831e+01
7.9533805055991592e-03
-2.2217998679119906e+00
-1.0995636003883844e+01
-2.0349713751171330e+00
-3.7905172299956020e+00
1.4411874691153999e+00
1.0228148467422487e+00
-5.5024380709820364e-01
4.5627202667542672e+00
-2.9569983277166745e-01
4.2318706968111295e+00
3.8853177389584568e+00
-1.0473306308136430e+00
-1.6701110055358499e+00
1.7450053221274484e+00
-1.5550286642811617e+01
1.1402310860159022e+00
3.4277328047964888e+00
-1.7094289109200143e+00
-6.2311446750572031e+01
-1.4134520903987891e+00
1.0566415341631470e+00
2.1422633823179702e+01
-1.1021375195916399e+00
9.2000307595411202e-01
-4.2567308756159408e+00
-3.4891920847703086e+00
-8.4946965241894858e+00
-7.7031895034816633e-01
-1.6527383076630593e+00
6.9183042672716563e-02
1.9991302630770453e+00
-1.4673059092723150e+01
3.2416579230117509e-01
-3.0775632179749262e+00
-1.9330320959745984e+00
8.8332088977800471e-01
-8.7122067792869462e-02
9.9693781884224342e-01
6.2576157116941289e+00
2.3289520679169108e+01
1.7000361430491162e+00
-1.3875933358894268e-01
-1.4944630725863939e+00
-2.1212435214858707e+00
1.0362477118276483e+00
-2.7511163367320566e+00
2.0408466612601286e+00
6.9578290588929526e-01
-1.8809534037575520e-01
-5.5916475928644182e+01
9.8201667492353363e+02
-3.0959724876675603e+00
9.9787423491924543e-01
-1.6745008284199141e+00
1.8131196104110042e+01
-1.9529850598531342e+00
2.4499613456626186e+00
-5.3654625770017605e-01
5.7905541035699066e+00
-4.2529499231202134e-01
-4.4653987364960637e+00
1.2221914801915146e+00
-5.0901550224755461e+00
-3.1675887874325022e+00
-4.3682436316831852e-01
6.6733932982707689e+00
-4.0021036985428484e+00
-9.6280931445876095e-01
2.2472988965633376e+00
-6.1223540611478162e+00
3.5060461492624456e-02
9.5708493478764520e+00
-2.3946661867726043e+01
-5.4279556476452813e+00
1.0231842669595541e+00
-2.4286176105122137e-01
-2.0915602913608036e-01
2.9576301214219090e+00
-3.6466576472810939e+00
1.4773917207594451e+01
-5.7193610967795305e-01
-4.6276414776924080e-01
1.4891499090541647e+00
3.6006903338223512e-01
-4.3495405732936362e+01
1.4524081797841877e+01
2.2239844954529038e+00
3.2075985116393082e+00
-2.3756651842811221e+00
2.3441654343694989e+00
1.6845674542764442e+00
-5.2504797850370821e-01
-1.4957168017945879e+00
-3.6100197942159984e-01
4.4497915543226071e+01
-9.4235115449234630e-01
-6.1106714482522995e-01
2.6234058463420866e+00
-3.4591323130260818e+00
1.2511346146522592e-01
-2.2841921308277677e+00
3.0137009967454613e+00
6.3350587676138117e+00
-1.7136453404260787e+00
4.1612669146776377e-01
-5.8296698623736409e-01
-3.5918948498939636e+00
2.0475099685071538e+00
2.0783689336522193e+00
-3.1498654041195913e+00
-3.4864064402348190e-02
-1.5299790056635349e+01
-6.7489078729152074e-01
-2.3983408701203714e+00
2.9977566407288543e+00
-6.8630151518933840e+00
-2.1756085400786858e+01
-1.0579596810349390e+01
-1.0051396833660768e+01
2.1221745716479887e+01
-3.0076140133835385e+00
1.6579363781193368e+00
-3.2126854158628491e+00
8.2501599819859273e+00
7.8282402994551523e+00
5.6852054815179154e-01
-3.5837620092550218e+00
2.7860114718181663e+01
-4.5241086232340333e-01
2.8569437950771750e+00
4.3483765324798771e+00
6.7262185822184850e-01
4.0814150328769919e+01
-3.2603673090012508e+00
-3.0054268369438406e-02
-3.9943270043549495e+00
-1.4577053773782824e+01
-3.1885641286041713e+00
-3.1527677196372079e+00
-3.4698584065373068e+00
8.7632923052675504e-01
-1.0845943326960568e+00
-3.7835302213939670e+00
3.7107362929377324e+01
-2.0775689455220498e+00
-1.8723992086393344e+00
1.5352441242303774e+00
1.7601774928565096e+01
1.0018939693012982e+01
1.6696530717860259e+01
-1.2696969388201127e+00
4.7996129219844734e+00
-1.0520916983508197e+00
-1.0679355465372247e+01
-5.1920912803448722e+00
1.6107441209164490e+00
-4.3886109369963560e+00
-7.8711211928231499e+00
7.9992466763230761e+00
8.7012377166548678e+00
1.1144674270591488e-01
-5.8818685079014665e+00
4.1942248862865377e+00
1.5056413285516598e+01
4.2515116246147624e+00
2.2383873224808779e+00
9.0774868041191503e-02
-1.0925243370495321e+00
2.8342579581837741e+00
-1.0611567829712869e+00
-4.0002278061758849e+00
9.6242287910309017e+00
8.2505461861180440e-01
1.6502344694237886e+03
6.6259932523146423e+00
-8.0227049485846325e-01
6.6390450788085031e-01
-6.7295998752989483e+00
2.0824545360587182e-01
-1.5288746415413961e+00
6.5666909459199161e+01
1.9180349836003796e+02
2.2153380730206550e+01
5.3042093902143179e+00
-1.1135778562423328e+01
-4.0097984208338389e+00
6.0003008527661228e+00
-1.4821987677734940e+00
-3.0964198169931678e-01
-2.4429248684988081e+00
3.7541016314957982e+00
-4.3141284999586791e+00
-6.5920587811208682e+00
-2.0683009549466971e+00
6.0648093745804381e+00
-7.5877878051810133e-01
-4.9477148225877672e+00
-6.1347886158763281e+00
2.1163738215323571e+00
7.5939438747096073e+00
-5.5974740636842695e+00
2.1763811923932903e+00
2.3672918091201742e+00
3.0952001583046336e+01
-2.6633955368153783e+00
-2.9597553514619888e+00
-3.8028009179307372e+00
7.8575769736956802e-01
-2.2539548440771506e+00
-4.4232089530189578e+00
-1.5258822258467664e+01
-4.6043834357156159e+00
2.2024079690092000e+00
3.1889387431778395e+00
2.1748858667688094e+00
-1.6430773623754842e+01
-5.4702415873036958e-01
-1.8675562972538671e+01
-9.2106057608164686e+00
8.2891626512911765e-01
2.6518675733823853e+00
9.6354439345888221e-01
3.8344782143861114e+00
5.3551008036934700e-01
-3.1495875107004467e+00
1.0257397364763818e+01
2.2559915650395523e+00
-3.8314589770635060e+01
-3.8826325748509072e-01
-2.4739818889489310e+01
5.6567434288820539e-01
-3.9623289245897277e+00
3.9272233539036110e+00
-4.9792713148718954e+00
-4.7901263870429993e+00
-7.2050905115212046e+01
-8.3315179346777288e+00
8.5765625581854532e-01
3.5759706369776878e+00
-3.8595726944853026e+00
2.5573375275527138e-01
6.7737738796006031e-01
1.4797323040611959e-01
-2.1656729575716476e+00
3.1920095738612453e+01
-1.5214878228375210e+00
1.4751875125375493e+00
-4.1030996701099767e+00
-6.5144332952537309e-01
8.9691074949047966e-01
-3.0334030934607430e+00
1.2261196646734401e+01
-2.5652890566957449e+00
-1.8883673086813364e+00
8.2902655518019746e+00
-2.2011243175117365e+00
5.6933042638564242e+00
-1.8713870405792734e+00
1.2588065484723607e+00
-4.2625995500044009e+00
-1.2354170162874745e+01
2.5403707060039687e-01
-2.1203386362723213e+00
1.4119700280847429e+00
5.2979643929456612e+00
-2.8159844779339211e+00
2.1362088924224913e+01
-2.9943084570342950e+00
-2.0689637842403862e+01
-1.1131823164793552e+01
-5.0768460913061109e+00
7.5604064091669099e-01
4.7144045715842897e-01
1.5772399097354581e+01
9.5043142339726649e-01
5.6168149924844701e-01
4.9542915862077566e+00
4.3384521705882761e+00
-2.8158402474306885e+00
-4.7249139278335983e+00
6.3945960400745090e+00
-5.8297410599701562e+00
7.2639826992380774e-01
-1.2960537330325659e+00
-1.2477374652828119e+02
1.3138121712764978e+01
-1.2297656330593469e+00
-7.4207121396108788e-01
3.4234723896708279e+00
-4.2429480640095454e+00
-7.8282771762255310e+00
1.6098105537562045e+01
-4.8184445152041127e+00
2.8055176433658802e+00
5.7243065434601101e+00
-5.1726628979703404e-01
1.1443792091278828e+01
1.2628912229469345e+01
-2.5892082729839467e+00
-1.2822506189730429e+00
-2.0136094488547691e+00
1.5939774030931927e-01
-7.2403459734082256e+00
-2.8512440201637756e-01
1.8325096347654710e+00
6.6085679408102571e+00
-2.8194444345848071e+00
-4.1125276962610208e+01
1.7993196796008710e+00
9.2675742946706219e+00
-1.1963812982937412e+00
-1.0328801941189120e+01
-6.8575699693707621e+00
9.4918859545161360e-01
-2.5305540560018662e+00
6.9261401587939826e+00
8.2259304060135030e-01
-1.1100761012366855e+00
3.3483160686640252e+00
-7.7031400879345551e+00
-8.8727634531301138e+00
3.2821989999987404e+00
4.6217333662823936e+00
8.5636173290876592e+00
-1.8891318934751533e+00
6.1943303138171302e-01
-2.8914754310906857e-02
3.8180427239258594e+00
6.2494102507229221e-01
-1.4532178572153200e+01
-1.7432863133816137e+00
3.8039371265717508e+00
1.9023229703365367e+00
1.6844130920856665e-01
1.0927984040908495e+01
8.1361249122894119e-01
-1.4425556437390258e+01
1.9501295417519691e+00
-8.5050908050010299e-01
2.1014006590970022e+00
-1.6882361170581195e+01
2.5792160965532922e+00
-8.1758093288646503e+00
6.8349816918400830e+00
-5.0857155399402751e+00
-1.7784541452906926e+00
1.2954937585121675e+00
9.1667954652081018e+00
-4.3029793254111348e-01
3.8225777103162391e+00
-1.4056396716695350e+00
-3.7537753445090316e+00
-1.0933465707527361e+00
-2.4338464562505004e+00
-1.0953784023271576e+01
3.9113206104250344e+00
-2.0397525471567959e+00
1.5297077555305905e+00
-1.9507328511529936e+00
-1.0351197919094536e+01
-7.1947113292566218e+00
-3.4708876175795029e+00
1.4706333221567480e+00
-4.3773884769714255e-01
5.2545225352327591e+00
-1.1026503259808035e+01
-1.6641896139658248e+00
1.0726008783404691e+01
3.5809531573089628e+00
-2.9946747750105395e+01
7.7884983776957151e-01
-1.2094155193627631e+00
-4.7991381828966722e+00
3.3762094716859359e+00
1.7060601570054041e+00
9.0988531439452167e+00
-2.1277550602868276e+00
-1.2089634532180122e+00
-1.5362773226972601e+01
-7.6673561767943732e-01
5.7335528818135897e+00
3.3948737816741401e+00
-5.4355217570853016e+00
-1.2783020923251636e+01
1.1744910406890832e+00
3.8264589328189929e+00
1.8779400361810616e+01
-9.2731343779608277e+00
-2.3750728785510415e+01
1.2784764684526198e+00
-2.8185175605620185e+00
1.8652790599229693e-01
1.6057561492596675e+00
4.1804672292433898e+00
-6.3746024087246402e+00
8.4490919664345132e-01
1.4648604204924059e+01
-6.4590006814698930e-01
4.5728389346386047e+00
-4.9218397310197970e-01
1.1063382373570554e+00
2.7455552659615527e+00
-6.2490473302751015e+00
-1.2982810012398125e+00
-2.4637925540455479e+00
-4.0613311955566482e+00
3.7369185260171039e-01
9.2901877154913282e-01
3.5575848935834799e+01
-2.0556802666633335e+01
1.5488968060816977e+00
-2.7549344149019678e-01
-4.6112507071724251e-01
1.8146583202136239e+00
1.3430727997297034e+00
-8.4249814887464378e+00
5.5081245613993381e+00
7.9632885506225612e+00
-4.8115953757504544e+00
-1.8275275233734942e+00
6.7364497827142311e-01
5.9039874168365847e-01
-1.0322452576137623e+01
1.7483134535019925e+01
2.4252536134824334e+00
3.4565165763741614e+00
3.3461042453949519e+00
-4.5426297595218046e-01
-2.7559706666443290e-01
5.1214374413698582e-01
-7.1062925061262705e+00
-4.6061606118931344e+00
1.9187936486689069e-01
-3.9598584966714907e+00
-5.6665979562917936e+00
-5.3323816410991354e-01
7.2832115682248908e+00
-1.4749750359490154e+01
4.0928446277323927e+00
3.6518243413421397e-01
6.1795117204611323e+01
-1.8693661647339910e+00
-4.4794149388695628e+00
-8.4222681367995700e-01
2.1040239818061742e+01
1.8580863607149560e+00
-5.7530679805324159e+00
9.6299974524024345e-01
2.8290975567746668e+00
2.6281403917649027e-01
2.6069732223561388e+01
-1.2712248308933454e+00
2.9933792038878546e+00
-1.9848337964685616e+00
1.5184778092189593e+00
-1.0612825149445108e+01
-3.1569678554541167e+00
5.2836549778853170e+00
-2.3181862921976042e+00
-6.4956688065971136e+01
-1.7366739907640150e+00
-3.2833655769900602e+01
-4.4818303044510177e+00
2.2752528282486115e+00
-3.4086011487184407e+00
6.8678184876448722e-01
2.2968683958932562e+01
-4.8813834425960438e+00
-3.6739809071944056e+00
2.7059267650382196e-01
-1.3429306140289009e+01
1.3265126588208255e+02
1.2297626957347447e+00
7.0558750081683774e+00
-3.6853043901293940e+00
-1.5046247118447571e+00
3.9618408506573175e+00
-4.5882714821660429e+00
-5.0520507015552800e+00
1.5717670235026844e+00
5.4700998757075530e+00
3.2565315062730424e+00
-2.8425879982156874e+00
1.1457087778533004e+00
1.1536490729759796e+00
-2.5526329069863333e+01
-5.6808944114913740e-01
3.0407489356985211e+00
1.4800939403662952e+00
-6.2877236746350187e+00
1.6330487314997251e+00
1.3387102752056552e+00
9.9377958996174165e-01
4.7894800934314841e-01
2.6509056240390856e+00
3.1308778042954049e+00
-9.7240593763750804e-01
2.0260414637394093e+00
1.0330940049880983e+00
1.8672696227708379e+01
2.7574104264693959e+00
7.5062157378754275e+00
2.2851879563032274e+00
1.9760196122934062e+00
-2.3204607963064716e+00
2.6754316279178290e+00
1.2682603199094626e+00
-1.3346931568452897e-01
-6.1462160158962253e-01
4.8314944573137636e-01
-1.0169283684183592e+01
-4.8025466765692038e+00
8.1323524543486838e+02
-4.9374081316519920e+00
-3.5392602549626041e+01
1.3432897047764183e+00
-8.0562477425891865e-01
-4.0809228685926993e+00
7.7903031775835674e-01
1.5386823856271219e+01
-1.6198647559332346e+02
-9.4599387656928542e+00
4.2887910157449705e+00
-1.3205339268783677e+01
5.4078443612485909e+00
-2.4373628374787435e+00
-6.7914272430010971e+00
5.0489185724389877e+01
-2.9195959594447459e+01
4.1798337036521014e+00
4.8056298242446172e+00
-1.7540411951434958e+01
-1.0641582652144752e+01
5.9443033425474150e+00
-1.8424263791655412e+02
-2.1854006084801414e-01
-9.2442778983309726e-01
1.1341978199373708e+01
-8.9351833287283178e+00
-6.7286455933800555e+00
-4.8768399352612981e+00
2.9786734682089753e+00
-2.2911584428935386e-01
-1.2925229457411986e+00
1.6564961952427295e+00
-2.7992521376577253e+00
2.8040239054103453e+00
-8.8765377522276434e-01
-4.8655387307154108e-01
5.6283963822450556e-01
-1.8947985414054017e+01
-3.0330229588161304e+00
1.8284408234423517e+00
1.2795606082882354e+00
1.3700006672402576e+01
5.0905479504161164e+01
3.2163407043258214e+00
1.0012555101690528e+00
1.2860457956169260e+00
1.9902392176935353e+00
-6.3251531052802569e+01
2.0898212573305156e+02
1.0004630623882096e+00
-1.3767058626966051e+01
-2.4923098133999368e+00
1.0093036365445036e+01
1.0183724659939755e+00
-9.7059127486038950e+00
-4.3448007695351052e+00
2.3979991156426642e+01
-8.8930130559699516e-01
1.6480313299818484e+01
7.4211951204699593e+00
8.3918652323251113e+00
1.4111895372248295e+00
3.4932626583961435e+00
5.9994576685655936e+00
-2.6594672932609376e+00
-4.9048793229396770e+00
2.8205220440393902e-01
-9.2131986437352698e+00
-5.1085913673937187e+00
3.3839849110225995e+00
-6.4893100321432240e-01
6.7198717206137619e+00
6.2594155715617589e+01
-2.6436272114869577e+00
1.5241405567143846e+00
4.3536029064411821e+01
1.1952526719723743e+01
3.2470193425057701e+01
2.8524926987729513e+00
9.3589720268508958e-01
2.8608562640216939e+00
1.7317884265683545e+00
-2.0519809754361962e+00
4.3990628981136952e+00
7.9055205466805278e-01
-3.9585707585483769e+00
-1.2277216354154601e+00
3.7288856724178049e-01
3.1248952467085971e+01
2.9532245294426782e+00
-2.7413136129859810e+00
-2.3677486172113733e+00
4.4881415197144203e-01
8.0648026138208984e+00
-1.0121004674518167e+01
-4.0851784395001038e+00
2.8245040185464816e+01
-7.3279531118553560e+00
-1.5627874868373026e+00
-2.5338157209198311e+00
-9.6603124822566091e+00
-8.9264967120360594e-01
-1.3901934563036857e+01
3.0552878024447749e+00
1.4210635847133886e+00
-1.5299997262222075e+01
-7.0557731588985995e+00
-2.5890607823958760e+01
-3.5831576610530407e+00
-6.8657835551373401e+00
6.5592427944310723e+00
-3.3461169796179240e+00
2.3119205939854783e+00
1.2249173609303124e+01
-8.8667789225794102e-01
-4.0466135776438858e+02
-1.0620574452048250e+00
-3.5198437727811627e-01
-2.4850723565956692e-01
-3.3157311117765520e-01
-6.2375393005702220e+00
5.9687004248496722e-01
1.3315208154538881e+01
-2.8722858363988280e-01
1.0070905936930625e+00
2.5304912482143166e-01
2.3831215315452425e+01
-2.4107133161107419e+00
1.5484125413742227e+00
5.8975820277494995e+00
-4.2106681563031749e+00
-1.0177458377505374e+01
1.0299372897916808e+00
1.2608920728695985e+01
-3.0848512478782335e+00
-2.1460202297926392e+00
-9.3043811313237001e+01
8.5000000990646623e+00
-3.5492976958201339e+01
-1.6886814794010001e+00
8.2399570586404625e-01
2.6897771042654455e+01
-1.4953886377475236e+00
1.7475954579964588e+00
1.3065417186329198e+00
2.2398328863898236e+00
-5.7672594496030021e+00
2.9244416977519370e+00
1.4245128625132681e+01
-1.2505954642147510e+00
-2.3625156012772988e+00
5.7029535365242117e+00
2.3221279591513668e+00
1.4882038973425201e+01
1.6105789846324348e+00
1.2723475574503140e+00
1.2651935666028253e+01
2.4282228175159973e-01
7.2376669794865645e-01
-1.0082188352380701e+00
-5.0377355426762982e+00
-4.3834207167695975e+00
3.5282146705190569e+00
-3.1682993609035460e+01
1.8586591328396791e+00
2.4214765121173842e+00
4.3661874328019072e+00
8.8390496620850911e-01
1.7583669741161794e+00
3.5555697116238814e+00
-9.4416497766858569e+00
4.0663669240100031e-01
-6.6846911717631019e-01
3.3566225810518855e+00
2.0346468142426307e+01
-2.8568165649437782e+00
-4.6113874572638885e-01
1.4941248792201502e+01
1.3028821469998428e-01
6.9317970345664615e-01
1.0861731186162498e+00
3.8430762301463832e+00
7.3115615669433440e+00
7.4826570932384877e+00
-7.2654791261643794e+00
-1.3475203128535804e+00
-1.4675715552487022e+01
7.6826870063028778e+01
-7.7034624721009537e-01
-3.1172043575296712e+01
2.9432164717738585e-01
-1.2867849663342292e+00
5.4859643378164520e+01
1.4504162321840141e+01
-1.0068736709878670e+00
2.0599467689358868e+01
-1.3044964611608389e+00
5.3594597656463492e+00
-1.2503562674454091e+01
1.9136194371177728e-01
-3.7856194931436460e-01
-1.9446227522211792e+00
-1.4429676356695125e+00
1.3839431020893763e+01
-1.9003535068369595e+00
-5.3787896072528457e-02
4.7076600765824859e+00
-3.3759253697166791e-01
-1.8307535633941399e+01
7.0036181395869090e-01
-1.2973157096650347e+00
2.9126681650116637e-01
-1.8699608357264864e+01
6.0085564187982432e-01
8.6260438678591811e+00
-1.4232365884596387e+00
8.4050150320631403e+00
4.9701994018200168e+01
2.9990096216613762e+00
1.2952358819132377e+00
-1.2604002585615568e+01
-3.8606567556776241e+00
-5.2809755276470949e-01
-1.5330797726371683e+00
-1.8402723881166212e+00
1.4730460280519710e+00
-1.9849625008422509e+00
-5.3117810503840586e+00
-1.4411020526674404e+01
-5.1628300176899034e+00
-6.3582662766207978e+00
5.6800054393114081e+00
-1.9897714339111052e+00
2.2197243473685891e+01
6.9155525473990069e+00
1.9421755977835267e+00
-6.5530632603633370e+00
1.1986228996167945e+01
1.9773685863380364e+00
-9.2378118960001068e+00
3.6291990123110671e+00
-3.5107262325198607e-01
2.3289435726288068e+00
5.2234263681940341e-01
1.4432844962517668e+00
1.9924363393320572e+00
-7.0895471791504798e+00
-4.0382178629407619e+00
2.5615759664436770e+00
-1.0439392189333145e+00
-5.6039446200749001e+00
-1.1007646943889402e+01
-9.0327280457643755e-01
3.2615395384459567e+00
9.7348220453758021e+00
-4.3142740562738990e-01
-2.2454156495030877e+00
-1.5005392816254852e+00
-3.5824051122214717e-01
-1.1077965611345284e+00
5.0991306128184668e+00
-5.9237746477363484e-01
2.7890017051820335e+00
-5.8073305947908684e+00
4.0733778003393244e+00
5.4785076632892240e+00
-6.3611933890615857e-01
-7.2567568953135542e-01
-1.4401770784764858e+01
-1.2853697646184072e+00
-5.4083162477825368e+00
-2.0266092400665037e+00
1.3467635765144419e+00
2.8035993395369929e-01
-4.7932542070136668e+00
-3.9781732883391840e+01
2.1241672170676660e+00
-5.0995533944177627e+00
4.0226926912476671e+01
2.7091272774909978e+00
5.4563915685322639e+00
-5.6458614088147767e+00
1.1665071811259851e+01
-4.1062162096730894e+00
-3.0516095574336073e+00
-7.5056622006259861e+00
1.9678251521792635e+02
-1.1933826462319782e+01
-5.2751234050557789e+00
6.4204823125541921e-01
1.0708377366407511e+01
1.2663428938254398e+01
-6.9948204621869383e+00
2.5421523282337660e+01
-2.0906554463854654e+00
7.1527302948281468e+00
-1.1697690066780717e+00
1.7744140677327159e+01
-2.5748107752365557e+00
-6.7969191992388689e-01
-2.6552189404771913e+00
1.1934433555163573e+00
1.6711011473880337e+00
-4.9878994826218492e-01
-1.8596917874505896e+00
-2.3804853482494751e-01
1.1886311975841848e+00
3.9672794520796941e+01
9.9640036395216947e-01
2.2582499762520110e+00
-3.2216620506924820e+00
-9.9871912401458509e+00
1.8575441625786510e+01
-8.1117145563035231e-01
-5.6162780845098030e+00
-3.3774481486557213e+00
-1.0034492601796412e+01
4.1439522317130146e+00
