Нормальное (4.0, 0.0)
0 1000
1.4890585319747922e+00
4.8312995710250837e+00
-2.8097434108573278e+00
-3.5202820357060807e+00
-2.7679931808387996e+00
1.9459049975776070e+00
-2.1347174330686185e+00
-1.7382247906825052e+00
7.3368971909931369e-01
1.8538203564916631e+00
1.9094236405045848e+00
-3.5766402346456050e+00
-5.0382780086191306e-02
3.9632663613406804e+00
-5.1669352665268233e+00
3.2534829571573574e+00
-7.3876840135892151e-03
5.2178002304998550e-01
-2.2643403527774502e+00
6.1164193489993091e-01
-5.0995938106665282e+00
-1.4001611584869751e+00
-2.1941123762001737e+00
4.1971271293467503e+00
4.9909202497474299e+00
1.9608115469562801e+00
6.9426074766054073e+00
3.8050589536925394e+00
-8.1279663784339142e+00
-5.0771975717292017e+00
-2.6646679226023382e+00
1.1849703875512589e-01
2.7765767191446389e+00
6.7498951016480435e-01
2.5323645291918186e+00
1.9578231770895351e+00
-2.1628089411397902e+00
5.3903157537390038e+00
7.8008438675537972e-01
6.2810344890999312e+00
-2.4636442702439831e+00
-3.2514358261433012e+00
-1.7116628323987488e+00
-4.7811694957965072e+00
1.0907397353602441e-01
8.9668721919981067e+00
3.2855051409656979e+00
1.1965057809698652e+00
9.0352289627623739e-01
1.2022401904588838e+00
1.4928362743543899e+00
2.8556548098104590e+00
-3.7047038832822854e+00
2.7531038239103429e+00
-5.4870260640153978e-01
-9.8236127670193234e+00
6.7983937172463511e+00
-1.9015730495279406e+00
-7.3753117731984137e+00
-2.6906956057319614e-02
2.7123681761529053e+00
-3.6210787489946741e+00
-1.7086457370612538e+00
-8.0582812147782388e+00
8.1380291568564489e-01
2.5428522786275640e+00
3.7516843129521087e+00
1.0655724797604234e+00
1.2105413149005246e+01
8.1029447567737056e-01
3.3341974043579286e+00
4.4312179906509108e+00
1.5893617953088910e+00
6.7576300814332342e+00
-4.3497732085374992e+00
-2.7590484406682765e+00
-2.0306224007245750e+00
-3.7076163525548473e+00
-7.8536134179478774e+00
-8.0719343059846782e+00
-4.1251783507415398e+00
-2.0729272265291554e+00
1.8726561242897153e+00
-3.4160914345375413e+00
2.9292405215756276e+00
-2.7827547203190024e+00
2.4187740142197907e+00
-2.0791459173185030e+00
5.6401580520344012e+00
-9.0242864005671315e+00
1.6808224835793097e+00
1.8993128628661374e-01
-1.6055336140675585e+00
-2.1333111623910356e-01
-1.0786535846296754e+00
7.7345430041138243e+00
-1.9303529892612283e+00
1.3657075118199959e+00
5.8647217636142752e+00
3.8681219467741323e+00
2.3386094424073578e-02
6.5678742114406241e-01
-8.9547594762224947e-01
-2.5237040830984842e-01
2.0141003801538897e+00
1.4370259159235392e+00
-1.0685413475594336e+00
6.6242559375345766e-01
3.1354557906988894e+00
-2.2987869299922603e+00
3.4209823864911679e+00
1.1676878864277351e+00
-6.0860281535458882e-01
3.2164570619654422e+00
-2.9416712754994125e+00
1.0374460133697931e+00
4.6671645851468213e+00
2.7327072092469749e+00
2.0309409120038220e+00
-4.1024576506255830e+00
8.6041382017070216e+00
2.9721416412929796e-01
-4.1856931831773325e+00
2.5002649743576844e+00
-5.7364413990310048e+00
-3.2203395602860092e+00
9.1305193785637095e-01
-2.0529076555634831e-01
2.0196099705167850e-01
1.3460106356096730e+00
-3.2700592004840306e-01
2.3953959341363604e+00
-4.2270110020118210e+00
-8.5573538907720459e-01
-1.8445607060454756e+00
4.4281904690324545e+00
2.7952143501828131e+00
-5.3498462639404643e-01
-3.7306840586030141e+00
4.2559020109414625e-01
-4.1677196147994859e+00
-1.7120952675600385e+00
2.0092983174427421e+00
3.6006298109038784e-02
-1.1006171717597590e+00
1.0925078608278269e+00
-2.1702003918844737e-01
4.1418350017477898e+00
-1.4689110833082550e+00
-2.3163735819782350e+00
-6.6114714601032549e+00
5.1850046730315258e+00
-7.1324956297300468e-01
-6.4907279438410459e+00
1.5432666417937588e+00
5.6418794739090861e-01
1.3681456980258067e+00
-2.2144789187322074e+00
-5.3727240512934638e-01
-3.0281007664607706e+00
4.0280042831279739e-01
-4.2198121543049991e+00
-2.6748174687600610e+00
1.1467932760069812e+00
-3.6927717685476127e+00
-3.1663594987111343e-01
-4.2136096700983723e+00
8.0355240184964085e+00
8.4611591690207568e-03
-2.1311441206374311e+00
-5.4944056901891960e+00
-1.9802511716647124e+00
-3.1827059938142690e+00
1.4611588085446161e+00
1.0609842806061467e+00
-5.8097617788848566e-01
3.5838110024923857e+00
-3.1388810250540161e-01
3.4197217134767377e+00
3.2354809667248143e+00
-1.0851447322675125e+00
-1.6683587298865699e+00
1.7342358153024733e+00
-6.1968991831056934e+00
1.1759336217590688e+00
2.9705672243946801e+00
-1.7030615573565859e+00
-8.6475646124996821e+00
-1.4354688726443718e+00
1.0942989462975545e+00
6.8118421340419957e+00
-1.1388545180008707e+00
9.5878508449791722e-01
-3.4324374520285281e+00
-3.0076838106291781e+00
-4.9475902028522105e+00
-8.0762471326438090e-01
-1.6529418441093602e+00
7.3591217190255229e-02
1.9506229505125274e+00
-6.0819030681586339e+00
3.4395302886771995e-01
-2.7493139085026157e+00
-1.8954052963078012e+00
9.2199125756033162e-01
-9.2666716357644369e-02
1.0353934161752385e+00
4.2801916877734065e+00
6.9669133941095156e+00
1.6947951321178869e+00
-1.4754689166176230e-01
-1.5101541195426920e+00
-2.0506677773987132e+00
1.0742326818079553e+00
-2.5271056075235530e+00
1.9850870257332522e+00
7.3140175572238242e-01
-1.9992610783276044e-01
-8.4744675109923389e+00
1.2394123011081849e+01
-2.7613743227614784e+00
1.0363210523647941e+00
-1.6722462714013990e+00
6.4957385032375798e+00
-1.9121527042861817e+00
2.3074391627399944e+00
-5.6672106792552368e-01
4.1089288132410813e+00
-4.5040341037736686e-01
-3.5366727280641719e+00
1.2549897763420477e+00
-3.8242244397349108e+00
-2.8078297531417902e+00
-4.6249926781057066e-01
4.4218707079558186e+00
-3.2990610435008185e+00
-1.0015052316855959e+00
2.1512791365823603e+00
-4.2319790227995515e+00
3.7297777050833598e-02
5.2026456625973765e+00
-7.0180819132844690e+00
-3.9660507082563434e+00
1.0613489578914848e+00
-2.5798408072979007e-01
-2.2226467744416778e-01
2.6695322660595737e+00
-3.1005584462333160e+00
6.0955264568716911e+00
-6.0351918036089058e-01
-4.8968025186566144e-01
1.5052886939350385e+00
3.8181339672893988e-01
-8.0624688629185854e+00
6.0615794167633750e+00
2.1328734856449736e+00
2.8334660479067284e+00
-2.2509840740116509e+00
2.2267724651885725e+00
1.6811487608924685e+00
-5.5474287171209224e-01
-1.5113015207177756e+00
-3.8279625596974487e-01
8.1004682322113339e+00
-9.8111772368036698e-01
-6.4408075170691359e-01
2.4357235039239606e+00
-2.9895919551247876e+00
1.3304890957623844e-01
-2.1802175697619726e+00
2.7070945079347464e+00
4.3073121914592205e+00
-1.7067674972216755e+00
4.4077833764075275e-01
-6.1496709441737596e-01
-3.0686159584797932e+00
1.9905643405596332e+00
2.0158317787396935e+00
-2.7964011971459386e+00
-3.7088860118291163e-02
-6.1648473325568416e+00
-7.0993255055263071e-01
-2.2683112600731703e+00
2.6964605469960339e+00
-4.4834294193194815e+00
-6.8406693468398796e+00
-5.4138847383162325e+00
-5.3062816561082355e+00
6.7942214656669622e+00
-2.7030392585130061e+00
1.6575600644961761e+00
-2.8367093727069412e+00
4.8845860448359035e+00
4.7708673843867455e+00
5.9997234219616224e-01
-3.0638399745784972e+00
7.2923903680419828e+00
-4.7883720825104958e-01
2.6009031554045414e+00
3.4787600324625818e+00
7.0759830386914813e-01
7.9556795247317300e+00
-2.8669351568764530e+00
-3.1972386506025637e-02
-3.2948755284867595e+00
-6.0688335829350324e+00
-2.8212978440747749e+00
-2.7982757471849520e+00
-2.9960611366802468e+00
9.1495933453368439e-01
-1.1217085697554814e+00
-3.1787742119954769e+00
7.7939460977283561e+00
-2.0151787998860407e+00
-1.8440944677507596e+00
1.5473436158234359e+00
6.4386584643137139e+00
5.2994606271574130e+00
6.3362597170960857e+00
-1.3003492923270683e+00
3.6948314031684593e+00
-1.0898271815739555e+00
-5.4335184738476148e+00
-3.8679609822533769e+00
1.6154651234886039e+00
-3.4988259048132520e+00
-4.7827292109340052e+00
4.8177532347011214e+00
4.9992536624385924e+00
1.1852502743902868e-01
-4.1434952520436630e+00
3.4003424506855260e+00
6.1331157493315835e+00
3.4297732189585814e+00
2.1442546846594515e+00
9.6550406256844634e-02
-1.1294644284535422e+00
2.5852283541906020e+00
-1.0987338683037684e+00
-3.2980520373938327e+00
5.2144455534119949e+00
8.6320851754004668e-01
1.2996776429069845e+01
4.4061935158239667e+00
-8.4011300644295173e-01
6.9862524241467816e-01
-4.4403088807942401e+00
2.2129914781213536e-01
-1.5415532046029687e+00
8.7304783692981722e+00
1.0309336874298067e+01
6.8743508193579750e+00
3.9151181893730138e+00
-5.5207460056330815e+00
-3.3031957477489025e+00
4.1875239887441706e+00
-1.4989163206629721e+00
-3.2861836281297296e-01
-2.3021314077599917e+00
3.1621496235217412e+00
-3.4615502957785313e+00
-4.3948971664454195e+00
-2.0076059660089913e+00
4.2111340629144189e+00
-7.9586258190654169e-01
-3.7616855513000726e+00
-4.2364568384169825e+00
2.0467268799593819e+00
4.7047741228761977e+00
-4.0339955928683207e+00
2.0950075176824630e+00
2.2445641580956104e+00
7.4791951916046475e+00
-2.4646147089359656e+00
-2.6709644662188201e+00
-3.1896042228707451e+00
8.2333721559375983e-01
-2.1565168832991226e+00
-3.5159508335844767e+00
-6.1595472409273331e+00
-3.6037134709143674e+00
2.1157580050167515e+00
2.8215378170094447e+00
2.0938118442275284e+00
-6.3049635246213311e+00
-5.7762687325843531e-01
-6.5524372298195450e+00
-5.1210159653375715e+00
8.6711694263273131e-01
2.4563122099655965e+00
1.0022367560421208e+00
3.2073106652725221e+00
5.6564208329439003e-01
-2.7962216483059574e+00
5.3489975226023230e+00
2.1581181435062788e+00
-7.8485905868459032e+00
-4.1149371593600514e-01
-7.0777064353721295e+00
5.9701597491758662e-01
-3.2775818792796332e+00
3.2584747450717888e+00
-3.7756866852239397e+00
-3.6904836559910570e+00
-8.8757027405841633e+00
-4.9057750885729838e+00
8.9614953328893698e-01
3.0592566564818693e+00
-3.2212534265562054e+00
2.7161380390111856e-01
7.1249014446104009e-01
1.5733382430949999e-01
-2.0864367630138561e+00
7.5332726199790834e+00
-1.5348295332490933e+00
1.4924808099856364e+00
-3.3528063555281635e+00
-6.8578555213465409e-01
9.3564209668069231e-01
-2.7201830855455209e+00
5.7193551991991622e+00
-2.3932807086002730e+00
-1.8576686838790670e+00
4.8950600165193796e+00
-2.1147372724609759e+00
4.0715053386234690e+00
-1.8432325674327488e+00
1.2899813383962704e+00
-3.4354297976437729e+00
-5.7348153035632174e+00
2.6981762241994567e-01
-2.0499357874131352e+00
1.4340926095509241e+00
3.9125171146781499e+00
-2.5725450369974943e+00
6.8065518586301055e+00
-2.6941558823840741e+00
-6.7465922389016866e+00
-5.5200078003135742e+00
-3.8184521974139662e+00
7.9306962271805381e-01
4.9876108523309309e-01
6.2248201368595826e+00
9.8917659029554483e-01
5.9286741750418781e-01
3.7646105144471407e+00
3.4737853190682983e+00
-2.5724447252755254e+00
-3.6603782604675419e+00
4.3279287278260252e+00
-4.1238298646355780e+00
7.6278170098535936e-01
-1.3253659162554836e+00
-9.7004511546791630e+00
5.8600508340062420e+00
-1.2622448225102589e+00
-7.7880778070754220e-01
2.9679758490995645e+00
-3.4253956725604575e+00
-4.7708776159242170e+00
6.2649455806785879e+00
-3.7034384066720669e+00
2.5652570928714535e+00
4.0835049389359082e+00
-5.4663035111352043e-01
5.5773244046319519e+00
5.7797264843150211e+00
-2.4108145762896851e+00
-1.3122780661748001e+00
-1.9626187189083277e+00
1.6946604031535389e-01
-4.6007045542833458e+00
-3.0270877452082356e-01
1.8099940879666030e+00
4.4004004843722306e+00
-2.5749504651657915e+00
-7.9684789343047608e+00
1.7814133691042902e+00
5.1341620807447956e+00
-1.2302020281686863e+00
-5.3635762624214127e+00
-4.4816869971959479e+00
9.8793760493434302e-01
-2.3676540520203595e+00
4.5035222151435965e+00
8.6071620785004477e-01
-1.1465989220853225e+00
2.9218647790349594e+00
-4.7358508344441077e+00
-5.0411286938475977e+00
2.8806692574625723e+00
3.6119532385274695e+00
4.9649839637469881e+00
-1.8583175480355534e+00
6.5273449834609221e-01
-3.0760198767329629e-02
3.1981386831049292e+00
6.5842847136881610e-01
-6.0626902076126328e+00
-1.7327344660489705e+00
3.1902413817787458e+00
1.8694963604881774e+00
1.7906747055048114e-01
5.4815521118951791e+00
8.5161754118875566e-01
-6.0480048127655133e+00
1.9097601273431215e+00
-8.8893881135464103e-01
2.0345842442039648e+00
-6.3578004704546931e+00
2.4035010520304465e+00
-4.8650187335924349e+00
4.4744431518394254e+00
-3.8223005899850184e+00
-1.7633490967823686e+00
1.3248355349272032e+00
5.1108438488762369e+00
-4.5565326040822579e-01
3.2006726691040708e+00
-1.4282101693475227e+00
-3.1619647151414711e+00
-1.1302680950533928e+00
-2.2952713520677452e+00
-5.4864647280612138e+00
3.2497727377275885e+00
-1.9841869254358642e+00
1.5423109594511955e+00
-1.9102657437590507e+00
-5.3681252119316643e+00
-4.5868742499896777e+00
-2.9966810885950541e+00
1.4882962830376183e+00
-4.6345830140156391e-01
3.8943403177933460e+00
-5.5002402472683825e+00
-1.6631096968435850e+00
5.4426285705744206e+00
3.0621885393334338e+00
-7.4209276115049212e+00
8.1631017126816940e-01
-1.2427324381233975e+00
-3.6946140169363404e+00
2.9390666017371236e+00
1.7000984935215793e+00
5.0949599827967811e+00
-2.0559310524319696e+00
-1.2422982725398823e+00
-6.1729634492306200e+00
-8.0397403662897071e-01
4.0870711464521889e+00
2.9505185512842576e+00
-3.9691277484028951e+00
-5.8044261841331020e+00
1.2091008084499200e+00
3.2028394210907032e+00
6.5630334548572451e+00
-5.1354402542988176e+00
-7.0029982951304879e+00
1.3086943476091322e+00
-2.5743062648137416e+00
1.9826301548941969e-01
1.6109940202604245e+00
3.3932228148884365e+00
-4.3210277270069044e+00
8.8328485421891689e-01
6.0785834148890228e+00
-6.8006905913874860e-01
3.5886598085391563e+00
-5.2044934452673708e-01
1.1429536099751325e+00
2.5231797749644937e+00
-4.2771696752515256e+00
-1.3274749961696770e+00
-2.3178486239283900e+00
-3.3307160512783658e+00
3.9616008919013457e-01
9.6780224465754872e-01
7.7215952025343810e+00
-6.7344790297698287e+00
1.5597324131692258e+00
-2.9252344257974927e-01
-4.8796414628891849e-01
1.7946452876186034e+00
1.3697251998637203e+00
-4.9298355707263868e+00
3.9984413850102625e+00
4.8079864235390293e+00
-3.7003116309252841e+00
-1.8057158884719438e+00
7.0865094092612568e-01
6.2267378203265966e-01
-5.3622845672105646e+00
6.4255922395622118e+00
2.2887657147164275e+00
2.9880120510191324e+00
2.9204962636205947e+00
-4.8077749214114335e-01
-2.9263305441088011e-01
5.4128740120811580e-01
-4.5598068606973943e+00
-3.6045587806139947e+00
2.0394075912413284e-01
-3.2762418854937621e+00
-4.0611158459890797e+00
-5.6327600097247621e-01
4.6136103237884836e+00
-6.0922720036547346e+00
3.3474004473621251e+00
3.8719975931736045e-01
8.6343559446218787e+00
-1.8415111880667114e+00
-3.5435181803604263e+00
-8.8057524252084463e-01
6.7781328174905227e+00
1.8318902098996823e+00
-4.0945789455891228e+00
1.0016947483929710e+00
2.5816517910095520e+00
2.7910802953260777e-01
7.1728535537259255e+00
-1.3018024279784199e+00
2.6935344967652104e+00
-1.9387433212687710e+00
1.5320871534866010e+00
-5.4204479115106734e+00
-2.8009864160087785e+00
3.9065458849600638e+00
-2.2066797434502807e+00
-8.7133368221346448e+00
-1.7269546988982598e+00
-7.5825900724035566e+00
-3.5446958944175053e+00
2.1732267400138201e+00
-2.9589116423064938e+00
7.2215748716105332e-01
6.9413166705431735e+00
-3.7319785185307826e+00
-3.1163557963127029e+00
2.8733901645166776e-01
-5.9043787140537338e+00
9.7889952969285989e+00
1.2622420106229499e+00
4.5442103164721477e+00
-3.1228755621916533e+00
-1.5194465066429532e+00
3.2773171963648826e+00
-3.5960362793314817e+00
-3.8076594578630440e+00
1.5804159823877499e+00
3.9831367049328623e+00
2.8645152976430115e+00
-2.5909931311246761e+00
1.1812481516190987e+00
1.1889441487426864e+00
-7.1346740865707963e+00
-5.9952459405796943e-01
2.7250485629464278e+00
1.4969851821728661e+00
-4.2907766566775223e+00
1.6354073203737591e+00
1.3656240788085900e+00
1.0322639321106246e+00
5.0661424712856862e-01
2.4556184561903973e+00
2.7841078889063673e+00
-1.0110498622672952e+00
1.9728897919085078e+00
1.0711245041794306e+00
6.5521437146214447e+00
2.5315431063463505e+00
4.6794522637656586e+00
2.1809955075103105e+00
1.9314017320662240e+00
-2.2084433869949871e+00
2.4732607051234856e+00
1.2989826359343632e+00
-1.4192701128549484e-01
-6.4775830293085168e-01
5.1100728224997016e-01
-5.3308470543537796e+00
-3.6961743453981164e+00
1.2168850069025378e+01
-3.7570943370190575e+00
-7.7126980836716523e+00
1.3699290294518456e+00
-8.4351689982153288e-01
-3.3411014601366364e+00
8.1649383342747717e-01
6.1760524357108562e+00
-1.0073605228262087e+01
-5.1778884096571982e+00
3.4487407828043382e+00
-5.8703840081073428e+00
3.9578511373736536e+00
-2.2979300965712661e+00
-4.4604035633084305e+00
8.3088186503021539e+00
-7.3759101473397619e+00
3.3928944774137619e+00
3.6975848503548239e+00
-6.4319132451853296e+00
-5.4261090814061133e+00
4.1668175907470149e+00
-1.0253622877108100e+01
-2.3221340840509025e-01
-9.6321181144869972e-01
5.5588180081617651e+00
-5.0561430808324008e+00
-4.4399971964546747e+00
-3.7299298050548626e+00
2.6836838757527728e+00
-2.4342191664391535e-01
-1.3220209063409101e+00
1.6562809925028998e+00
-2.5608864222059973e+00
2.5642156450094902e+00
-9.2634607115711043e-01
-5.1456599813038673e-01
5.9407086223055372e-01
-6.5800921870045750e+00
-2.7199310908649172e+00
1.8065004683905936e+00
1.3097240106498398e+00
5.9445995177674869e+00
8.3222306928680609e+00
2.8390376874554430e+00
1.0396696442975413e+00
1.3158795264932932e+00
1.9432390663536905e+00
-8.6712969437006695e+00
1.0427355225201556e+01
1.0388849941550147e+00
-5.9544196921548096e+00
-2.3392120108123255e+00
5.3149958216049962e+00
1.0565974784381651e+00
-5.2323596913648558e+00
-3.4769687894295465e+00
7.0206334159275263e+00
-9.2800133004262586e-01
6.3108419925808548e+00
4.6546030953117352e+00
4.9213444341464525e+00
1.4333676928034973e+00
3.0101246813035596e+00
4.1872136669667430e+00
-2.4617879339788353e+00
-3.7425445573721476e+00
2.9946018622081366e-01
-5.1216162878235814e+00
-3.8321966729346544e+00
2.9438430778427453e+00
-6.8319508141165097e-01
4.4371293093931374e+00
8.6547441726977876e+00
-2.4503645334080537e+00
1.5372451585564872e+00
8.0640281385447050e+00
5.6670404955433176e+00
7.5631615142480024e+00
2.5978338567542867e+00
9.7467480727268274e-01
2.6035985470502667e+00
1.7226794913545238e+00
-1.9942353020841885e+00
3.5040118992444520e+00
8.2821112603118108e-01
-3.2755431233810222e+00
-1.2602877966755588e+00
3.9531441807830364e-01
7.4959887509395333e+00
2.6665611799618874e+00
-2.5201821442914829e+00
-2.2449146958968464e+00
4.7506858928496709e-01
4.8354355213313545e+00
-5.3208259961279074e+00
-3.3433517252537133e+00
7.3169256673474612e+00
-4.6269937200968112e+00
-1.5723053786020837e+00
-2.3700687368645599e+00
-5.2223802248782416e+00
-9.3136436544367340e-01
-5.9740059620518320e+00
2.7346550882398573e+00
1.4425314232986381e+00
-6.1648740971677007e+00
-4.5441786888236377e+00
-7.1603713498387354e+00
-3.0634847387824524e+00
-4.4843147259758354e+00
4.3839147850375229e+00
-2.9205041445239370e+00
2.2018168658495791e+00
5.7173460631240856e+00
-9.2536545186347163e-01
-1.1302305940573627e+01
-1.0996181674417700e+00
-3.7329415570049135e-01
-2.6396269474410949e-01
-3.5176976380172192e-01
-4.2731041079432366e+00
6.2938047671652408e-01
5.8871432579281944e+00
-3.0493352192170570e-01
1.0454447070019572e+00
2.6877168639778121e-01
7.0092119035344282e+00
-2.2777295301060572e+00
1.5592935083729824e+00
4.1493886056272631e+00
-3.4088255220626729e+00
-5.3325384769184421e+00
1.0680119944580873e+00
5.7764968159107539e+00
-2.7540943473922836e+00
-2.0706562671064881e+00
-9.2668540351593638e+00
4.9489342510772483e+00
-7.7175781096596046e+00
-1.6847820858025060e+00
8.6213647174321906e-01
7.2292870455826135e+00
-1.5110012130503954e+00
1.7364970395019499e+00
1.3352906156363276e+00
2.1453950447276728e+00
-4.1000225652498257e+00
2.6470790308040870e+00
6.0228641223357329e+00
-1.2821521209204061e+00
-2.2408969940317025e+00
4.0752471591945261e+00
2.2097355507264380e+00
6.1100113115943611e+00
1.6153171659552896e+00
1.3028699925922864e+00
5.7834386482305478e+00
2.5794226738142084e-01
7.6008826747110814e-01
-1.0465608133455693e+00
-3.8014054286164023e+00
-3.4962465807827128e+00
3.0309948916277012e+00
-7.5202055140791106e+00
1.8323792747075265e+00
2.2859022228527137e+00
3.4876629175877327e+00
9.2257842515420363e-01
1.7458884562702977e+00
3.0472191381923319e+00
-5.1737744889772630e+00
4.3080979547274978e-01
-7.0332468712195173e-01
2.9269983471322316e+00
6.7151107288651657e+00
-2.6008154644659127e+00
-4.8797846475013418e-01
6.1178917316361110e+00
1.3854726036226092e-01
7.2872906315984953e-01
1.1232533954571082e+00
3.2120961581616725e+00
4.6221008420653877e+00
4.6725974518769151e+00
-4.6082814888459609e+00
-1.3739031206450010e+00
-6.0822632843536910e+00
8.9751151090612371e+00
-8.0765251766082902e-01
-7.4916570928628365e+00
3.1243151044160639e-01
-1.3165807082107341e+00
8.4436926757295492e+00
6.0588436095120413e+00
-1.0452300977809457e+00
6.7383795713578083e+00
-1.3333565505050411e+00
3.9380008945881748e+00
-5.7593775783950445e+00
2.0339182820620733e-01
-4.0128634600448526e-01
-1.9051421590626785e+00
-1.4628034315145417e+00
5.9649569517458456e+00
-1.8678292283201359e+00
-5.7217863338745893e-02
3.6523487283506215e+00
-3.5811978245682474e-01
-6.5143202833103908e+00
7.3610120768538045e-01
-1.3265610218529746e+00
3.0920257181508110e-01
-6.5548970784662393e+00
6.3350918102162534e-01
4.9806047155037581e+00
-1.4445459916863215e+00
4.9247205402451115e+00
8.2831077318862310e+00
2.6972975681857378e+00
1.3245912700309990e+00
-5.7757013717767869e+00
-3.2218540759682774e+00
-5.5792077297463949e-01
-1.5453767869777657e+00
-1.8166515889820170e+00
1.4905135725799739e+00
-1.9388504242305298e+00
-3.9182678243743907e+00
-6.0459929628906899e+00
-3.8554913702542390e+00
-4.3153723814451892e+00
4.0663378473546601e+00
-1.9428502036273489e+00
6.8780261644778671e+00
4.5001658140439034e+00
1.9030883177146025e+00
-4.3818402453198004e+00
5.6728278951675106e+00
1.9325261946621017e+00
-5.1273054671384850e+00
3.0904158503625836e+00
-3.7233316229132540e-01
2.2150132809783800e+00
5.5192306300219984e-01
1.4630961120348160e+00
1.9450650040362367e+00
-4.5546399289008637e+00
-3.3184092812515633e+00
2.3905505845138024e+00
-1.0818074073189934e+00
-4.0365484123459083e+00
-5.4966782386901958e+00
-9.4202479864133482e-01
2.8676742651794398e+00
5.2386589267095021e+00
-4.5683824508341392e-01
-2.1497958031986517e+00
-1.5157125980410293e+00
-3.7988690465729152e-01
-1.1443760629156996e+00
3.8281091089909527e+00
-6.2472487901623996e-01
2.5537229086162170e+00
-4.1153206013955543e+00
3.3371068785648701e+00
3.9865298209703641e+00
-6.6997547258697265e-01
-7.6204220767041042e-01
-6.0447115189121670e+00
-1.3152381653340612e+00
-3.9580438735311101e+00
-1.9733582451107188e+00
1.3731924758512264e+00
2.9767057303463107e-01
-3.6919180426593670e+00
-7.9123884402033102e+00
2.0530318929776281e+00
-3.8282919288846236e+00
7.9312129812998897e+00
2.4973440317754729e+00
3.9775934090192266e+00
-4.0530148804388633e+00
5.6169007259348618e+00
-3.3544469519914668e+00
-2.7322276056995074e+00
-4.6792914704639861e+00
1.0344711941833031e+01
-5.6638211378188048e+00
-3.9029782167564462e+00
6.7609510582279231e-01
5.4391909828900431e+00
5.7852888327154641e+00
-4.5251625995720666e+00
7.1272017004803363e+00
-2.0258467418935817e+00
4.5740675737260643e+00
-1.2045396532794683e+00
6.4542026891239574e+00
-2.4002715883296903e+00
-7.1487020036147197e-01
-2.4587280546153711e+00
1.2273741318358664e+00
1.6692358649804577e+00
-5.2734939757447430e-01
-1.8332608708131961e+00
-2.5288585185346540e-01
1.2227394387072767e+00
7.9077451478164464e+00
1.0348609473579977e+00
2.1598928788719203e+00
-2.8424238954337580e+00
-5.2927641862257779e+00
6.5421549198064914e+00
-8.4914277895728441e-01
-4.0414061862757684e+00
-2.9398280671724200e+00
-5.3027322782052986e+00
3.3742280242089837e+00
