N(0, 1.1) model_4
0 1000
2.2379365470121834e-01
7.2889111534585410e-02
5.7386882231464931e-01
3.2826259900720084e-01
-1.8572666554340238e-02
2.7765878398024202e-01
-8.4608417723425766e-01
1.7317992027965792e+00
-3.0870675075391513e-01
1.1530675337269751e-02
-1.1601579061567864e+00
8.1218945445840229e-01
-7.3697476760400393e-01
-2.2496525737628024e+00
4.3890922840291979e-01
-4.1028757839741387e-01
-1.2493995639813797e+00
1.8337511222877847e+00
-1.2217918523587832e+00
-8.3001021818372545e-01
1.1412156501731401e+00
9.2844662496333319e-01
-5.7575354692213354e-01
-1.5073923106998438e-01
-5.6607005683273803e-01
5.3175041540418400e-01
1.1802361450913559e+00
-1.3993298517217960e+00
4.7236019945412444e-01
2.3363028484092963e-01
-3.3337837238521790e+00
-1.4072530676397619e+00
4.2996528124763145e-01
8.3569740179870533e-01
7.8308774396797301e-03
-6.4279802785966189e-01
2.7878069447501025e-01
-2.1093748528118941e-01
-1.5938842431514617e+00
-6.5177549224291809e-01
-2.0371339612046033e+00
-1.0748944245298778e-01
1.6515582321700013e+00
-2.9260472757387173e+00
4.9788725753591911e-01
-2.2709454723384099e+00
-2.3517321235603492e+00
2.4560456973064073e+00
-3.9248148148491674e-01
-9.7383593745514141e-01
2.0989221364995045e+00
8.3452997249214189e-01
-4.1073538600628567e-02
1.3536421396435099e+00
-3.2524389787183339e-01
1.9344698282231343e+00
3.7853303812248784e-01
-9.8506437116884793e-01
2.0370831091292172e+00
3.0001848396289249e-01
1.7075581715103449e-01
1.7070021325753153e+00
-4.8403831574313511e-01
1.3455529645751232e+00
-1.8621622942236458e+00
-1.0572932049453301e+00
-6.5002921812892533e-01
-2.8020665848646170e-01
-2.7356143406620665e+00
-1.0388430586920967e-01
1.3694468342607191e+00
-6.2276549683600135e-01
1.4423482294616987e+00
-1.6870615469114678e+00
4.4602325622065470e-01
-1.9353812280621325e+00
5.2684530744164815e-01
-2.0860789981834024e-01
-1.2206802614331642e+00
-1.1379001746048170e+00
-1.0204148391933694e+00
-2.6675593318158022e-02
-3.9278515654661073e-01
-7.4459710264353263e-01
-1.0299164490894854e+00
-1.6946946378219614e+00
-5.4697503131327552e-01
-3.9173439407731042e-01
2.1909301921111539e+00
-1.0009272778319414e+00
-5.0546726982118395e-01
-1.9192666907450379e-01
-3.2979664316066298e-01
-7.4043025840615295e-01
1.4928002482502893e+00
1.1701318464148920e+00
2.2924639470732580e-01
-6.8904537361581286e-01
6.3972680186946496e-01
1.3480335137529449e+00
-1.3751474789648221e+00
1.4131387136531873e-01
1.8316108063840203e-01
1.3334400460082801e-01
1.9102290706616512e-01
1.0519928345283551e+00
3.8311637832189438e-01
-4.2947240666431996e-01
-1.1354651459938665e+00
9.5347654694182812e-02
1.1697211429349221e+00
3.9374493966427271e-01
1.1325010175535455e+00
-2.4040067160353717e-01
-6.2779994424413965e-01
7.9144528920855911e-02
1.2576069307001876e+00
3.1065249898760938e-01
-9.3242553502800751e-01
8.7451524622023868e-01
9.9547790984173257e-01
1.5481075709192875e+00
1.5360400775322818e+00
5.6550169764183067e-01
6.5439694592059366e-02
2.4723786100244372e+00
1.0909587173732144e-01
1.6833384101841604e+00
-5.9318344157000347e-01
2.0406547562242922e-01
9.1343008483475119e-01
-6.2384905437281624e-01
-1.6743935535515081e-01
2.1852099678648282e+00
1.4687616551081080e+00
9.5475031399222821e-01
-9.4528665067583884e-01
-1.2534075124007642e+00
-1.2641883808031820e+00
3.6438951650328733e-02
7.7314013752136590e-01
-6.8413886388371259e-02
-7.2249931121932687e-01
-2.3796569160617218e+00
1.9541216321391810e+00
-1.2894098898524466e+00
1.0002382112391515e+00
-8.8465236702614214e-01
-3.5099259106455888e-01
-5.9973168280966538e-01
1.1137575934293940e+00
-1.6241328822836956e+00
1.5204181709938530e-01
-4.9587376749921824e-01
7.5847136028919793e-01
2.2011316522319420e+00
-3.8223839186697867e-01
1.4825502537542092e+00
-1.4644244878039872e+00
3.2697950589909591e-01
-1.0702246192689582e+00
1.3580727917402746e+00
1.9072533039893089e+00
-6.7851842977238730e-02
3.5712844210848949e-01
1.2375231302899463e-01
-7.6100311531984255e-01
2.0709411125962101e+00
-1.0305625964658001e-01
7.7004192074648270e-01
1.2611517846076772e+00
1.7913715575687361e+00
1.4302667174224286e+00
1.3153605517312352e+00
-2.5074037548654726e-01
6.8232329063381991e-01
-7.3410625971999079e-05
7.3704247630886177e-01
-9.8323798672488139e-01
-3.3045631484864929e-04
1.4906285848755596e+00
-1.1495482254245173e+00
1.1281664052555955e+00
3.0929461901285875e+00
-2.5604352543913711e-01
2.3114052468650721e+00
2.6741002449645684e-01
1.8548341018440500e+00
2.0205490905098530e-01
-1.1759322250089825e+00
6.3738089124185970e-01
1.2395476867755402e+00
-4.1667683850944748e-01
2.2079620282517562e+00
-4.8685752801085322e-02
-6.4820148007463685e-01
2.6126509008392884e-01
5.1760881783739598e-01
2.1672723707623501e-01
-1.3702300628285884e+00
1.0095070375539981e+00
7.5347963787804750e-01
-1.2503554958260785e+00
-6.2008021146873282e-01
1.1408671637097001e+00
-2.0516262270522523e-01
1.3617294402377063e+00
-7.3661994681278120e-01
4.0515634698617453e-01
1.0045108068156577e-01
-1.3949204168746308e+00
-6.1966417610054436e-01
-5.3893047766523849e-01
-1.1928024895084004e+00
2.3722805748561709e-01
3.2935245413673470e-01
7.3498246704274595e-01
-4.3475273650895552e-01
-5.2790165809224676e-01
-6.3941325203461796e-01
-6.6892765416229327e-01
-2.7815035244244551e-01
-7.5878774270664984e-01
5.0067306686294288e-01
-3.2953273683090889e-01
-1.4205762907356849e+00
4.4533862213772174e-01
5.8249389164795407e-01
-6.6559301783263847e-01
9.1367630800469291e-01
-5.4667139598817652e-02
1.0251230785896605e-01
-8.4654557500555261e-01
-6.3633900550265932e-01
1.0910951214611824e+00
-6.4659437985527965e-02
-7.4391995502856989e-01
1.5090676529074099e+00
2.7876459962920204e+00
-3.6318752449882502e-01
-7.0653332704727378e-01
-7.6716356561306195e-02
3.1316724151019681e-01
5.2426655141883172e-01
-9.6146512704693698e-01
1.6076839795127046e-01
2.6977162730163218e-01
-6.2827675427668572e-01
-2.7382634961587871e-01
5.2145904631802287e-01
-5.9323467443519728e-01
6.3432600369846659e-01
1.6453890997182381e+00
7.2229601248018727e-01
-2.2581517841541543e+00
-1.8011336622475380e+00
4.7670515147495551e-01
-1.4533843445947883e+00
1.5639480948265729e+00
9.1507445701900358e-01
1.2120065869730329e-01
-5.0035789688530830e-01
-1.1340483847894329e+00
3.1916712319588580e-03
-7.9787115021543364e-01
-2.8584181267750791e-01
6.3648250290049135e-01
1.2056268731439681e+00
3.3755384786405968e-01
4.4716778294527665e-01
9.8393470183842896e-02
3.1233792114375764e-01
8.0035508543567246e-01
4.4931217160097553e-01
1.3348132059505982e+00
6.5224047263757046e-01
-1.0718871790448945e+00
6.3808156743753697e-01
-9.0100442942855941e-01
1.4284005611096138e+00
-1.1873130077392178e+00
-5.1092856689976374e-01
-1.5073013750668867e+00
-8.6622173176071593e-01
-5.5788212569024864e-01
-2.6718392622424297e-01
-1.1993837833653120e+00
1.3160391301397947e-02
-4.7619907454854749e-01
-2.6174317741557679e-01
-7.4598116672547043e-01
8.7398940769522604e-01
2.9213467221663250e-02
6.4924123837923720e-01
-6.1352056338261396e-01
-2.0662864451428566e+00
-2.3041459343069843e+00
1.0652566184372385e+00
-4.5596325419497974e-01
4.2562366060793666e-02
6.0269378630741921e-01
-8.0371600690731371e-01
5.1580565301929060e-01
9.9093569462441022e-01
1.8261305838943315e-01
8.5144600625718625e-01
7.2226991151592368e-02
-1.4066172628718008e+00
-7.7264756633441545e-01
6.5829976780475175e-01
-8.1155170675327870e-01
-3.7319971371705646e-01
-2.5858577907646030e+00
7.0951715849088914e-01
-2.3331211583103206e+00
2.1141749318075083e+00
9.7499325607949305e-01
-8.1949315328062766e-01
-3.1010704137594330e-01
3.0709387921681149e-02
5.3996518957395490e-01
-1.4653927412498384e+00
1.9592990373224821e+00
6.4838092279405868e-01
-5.8653883196769652e-01
-2.3157445859273185e-01
-7.2627649983627884e-01
1.4567426710897821e-01
1.4756063243412365e+00
-6.0882073872659048e-01
1.3228487713552954e+00
9.1405807052890164e-01
3.5688159453130719e-01
-7.1341020071583361e-01
3.4043530413166531e-02
-9.7952377303131932e-01
-9.2462192658075912e-03
-2.9097395031451700e+00
4.3793625898990240e-01
7.2225149245279729e-01
9.6229106030445447e-02
-1.2134028639648480e+00
-3.7827181478702615e-01
-2.1419492783621022e-01
-4.6625473360544972e-01
2.1266468831546620e-01
4.6335768778468878e-01
3.7151214204931887e-01
7.1712401390449443e-01
-2.2407676495969220e+00
2.3943303424594220e-02
-1.6912944211328438e+00
1.0367531293902423e+00
-1.2518018107117770e+00
1.2919346541263248e+00
-8.6811027328237500e-01
-2.8607031714546255e-01
-1.8061882472020876e+00
5.3076721928217208e-01
-2.9876777029463142e-01
-5.8022205816011058e-02
5.3372854960497751e-01
-8.5525883732629804e-01
4.9294162385866042e-01
-1.5889052779758703e-02
9.7762137158895801e-01
-1.0000931736541612e+00
1.1140565961008841e+00
6.4649566477059772e-01
-5.1849511356964195e-01
5.7601498018892794e-01
6.1270814811777330e-01
-1.1046607725475228e+00
-1.2166266231174971e+00
-3.6878469280744841e-01
-7.7910037610700023e-01
-1.0287180333281583e+00
-1.6889102190365974e+00
-1.7690556481473010e+00
3.1761529146198803e-01
-7.2072158385731855e-01
-9.6566470026338645e-03
-8.0874686663455253e-01
1.8341046701117819e-01
4.8027667814748526e-01
-2.1333916167583136e-01
-1.9826076662667400e+00
1.0238182998752872e+00
-9.6935268367344940e-01
1.9820583976729000e-01
-1.7375143697507567e+00
6.4612134114471087e-01
4.9124231599422269e-01
2.3723412370817273e-01
9.2825320229583119e-01
-9.6752570995607398e-02
7.9792309439987885e-01
2.8424859454815796e+00
-6.8318056735824917e-01
1.3443538055837459e-01
-7.8911676287757926e-01
8.5151091998274520e-01
2.0967356564589021e+00
-6.2264706018702365e-01
2.6498101922675793e-01
-4.0478688703398891e-01
-2.8307748670700639e-01
6.3151258794137066e-01
4.1703160058852340e-01
2.8469290578104555e-02
-7.2484860132818474e-01
-8.9424046802669666e-01
1.7257883042967193e-01
9.5166226142976085e-01
-3.9470811323894156e-01
-5.4773920436164558e-01
-2.3736667694076918e-01
6.6199513132973153e-01
-1.2280977217217036e-01
-5.1296918718740574e-05
1.6323991334472823e-01
2.7131927554393304e-01
1.2371139581945985e+00
4.4581649344580060e-01
-7.2191889917610230e-01
1.3023996446277934e-02
3.2298940645509999e-01
8.0738278169916033e-01
8.5721151236744630e-01
6.6977450343451339e-01
1.8398732550003713e-01
1.5237704926552451e-01
4.7193322317122627e-01
-5.7787840368441834e-01
-7.3735024766615720e-01
-3.8403984668887731e-01
-1.4205985056882744e+00
8.1972782626423923e-01
1.3880179386695797e+00
-1.5255365336154918e+00
-1.8266651230770639e+00
-4.6022454596405543e-01
-2.4416552712114806e-01
-2.2938558042895527e-01
1.0681055183610391e+00
1.7322026179107028e-01
2.2496611311412659e-02
-2.7368765464655881e-01
6.7515359939207342e-01
-9.0237467605753907e-01
-4.6515116644819160e-01
-2.2218695346789068e+00
5.3156799453865067e-01
-1.1296576222923977e+00
2.3680426060568074e+00
-1.3244862391204040e+00
-1.8828230153118544e+00
-1.5467731775935483e+00
2.1235882200613052e-01
2.1575438109358833e+00
-1.9796850291810573e+00
-7.4668311028710710e-01
1.1224963737677667e+00
4.9359637078746832e-01
-7.0042022042565311e-01
1.5197351212178228e-01
-4.0002083444259862e-01
-1.3255057018556544e+00
2.1645663245621374e-01
-1.3635868729642699e+00
-1.1408059317068300e+00
2.6751133736826588e-01
8.5153366968043143e-01
7.6386558870289201e-01
2.3537299308636420e-01
3.6381958661249414e-01
-6.1158835276237411e-01
-3.2415545827633876e+00
-3.8892288369135297e-01
2.5786464750882038e-01
-1.3874458206377873e+00
8.8180657208713820e-01
4.7522568087914702e-01
4.6604498236228109e-01
1.1494536373178903e+00
-6.3026010358569617e-01
-5.9473023858665464e-01
3.5435275236945951e-01
-5.2950359497711826e-02
-1.8151526196518319e+00
-2.2150515954116021e+00
-4.8626310341375900e-01
-8.7959228238839712e-02
9.4907340608489565e-01
-1.0679241829266040e+00
-2.5516822611403311e-01
-2.4333932277338395e+00
-5.4332540665526752e-01
-8.4594394434223852e-01
2.5010672054517763e-01
-8.9724309857542894e-01
-2.0233033535773619e+00
-1.0015542871841261e+00
-9.1756270899035564e-01
-1.3060362675693400e+00
3.5367015507926841e-01
4.9400377975358400e-01
-1.4900099881832505e+00
8.4897340259672979e-02
-2.5506894239760580e-01
-6.9071203503619161e-01
9.1814674887421469e-02
5.2884326099699919e-01
-2.7389551133180701e-01
7.0581358979905395e-01
-3.1955113928380807e-01
7.6434286144882457e-01
-8.5249083843192741e-01
-6.2263091522629055e-01
8.4957631007928280e-01
1.7311110317813618e+00
8.5494170975595407e-01
7.2377197271113447e-01
5.4010919021040316e-01
3.0386101928325066e-01
2.1274076804785405e+00
-9.3577397678786012e-01
4.4630384662794759e-01
4.7918461382858393e-02
1.1256521154096901e+00
-6.9341708897765597e-01
-3.4567601106111240e-01
-2.9424304215123392e-01
1.3438903850864958e+00
1.2777629819437641e+00
6.9515844553971151e-01
-1.1067315206709878e-01
-1.3861239479026941e+00
-6.7390785898637812e-02
6.3272778105980043e-01
4.0823679803593538e-01
-1.2322374353899632e+00
3.5189421583895003e-01
-2.0650383513665416e+00
1.1798365684881031e-01
-1.5002434638716498e+00
-1.1112211927608251e+00
3.4098596964015293e-01
-1.2816929772036902e+00
3.9362505956151367e-01
-9.8967294393789873e-01
-2.1830843611961606e+00
4.7282101177259722e-01
1.7172525812477554e-01
3.0977802185672593e-01
-1.2004824900155218e+00
4.7104988764165096e-01
8.7475578671179416e-02
1.3745908855974939e-01
7.6734441949588117e-01
7.8285799174656501e-01
-2.6185073663892516e-01
1.9277847341033136e+00
1.4147107641560266e-01
-2.7299509816479968e+00
-2.3697316706669151e+00
-6.6744522141596740e-01
9.4299776518419431e-01
-9.3890343162104695e-01
2.3922308351189500e-01
-3.3558783212409476e-01
-7.7716162725767912e-01
5.4251128707173224e-01
1.2377500351961669e-03
-1.5182909086536944e+00
9.0197296872396956e-02
3.8643313065342710e-01
2.0471831367283953e-02
1.2585019718964940e+00
-5.2140226621622365e-01
-6.4388760288310344e-03
-6.0935017550831638e-01
-6.7990172793785975e-01
4.3040010203966417e-02
1.5602581747661579e-01
-1.2849890817443783e+00
-1.0287479388254339e+00
-4.2230465816577500e-01
5.2155659560185053e-01
-7.1920075864046262e-01
-2.3356637973738820e-01
7.7725518734164434e-01
-8.9895467817079311e-01
-1.0266871941345476e-02
-9.5463230884121331e-01
-1.1981293366840422e+00
5.2560296965956665e-01
7.9830602929654526e-01
4.6867805461311146e-01
6.6476369850673922e-01
-1.1712181291474257e-01
-1.5370292456187937e+00
-1.6681372137379141e-01
3.1253062147402805e-01
-1.2742320385158177e+00
4.9316219972268832e-01
2.4476173541680013e-01
1.4368485978987566e-01
1.5758542376826987e+00
5.9005934679652960e-01
-8.4944880523212501e-02
-1.1951348824897339e+00
2.2429550332490682e+00
1.9896256607356869e-01
1.7159689907585682e-01
-5.1730572988157775e-01
-1.2344038762653398e+00
1.2535510057230130e+00
9.2589227509748473e-01
-1.6219765393295442e+00
4.6774127319917241e-01
-2.0584174891752833e+00
1.7584819946984722e+00
4.2245953325293478e-01
1.4851092947160960e-01
2.3848813658411944e-01
3.2834218163917883e-01
1.6181999357845624e+00
9.2339756639742765e-01
-1.5119333648915214e+00
7.8146658982093042e-01
1.9130036140677678e+00
2.1828271327342867e+00
4.5405421300559259e-02
1.1382224527137264e-01
5.4420243278360447e-01
-3.6706258733439734e-01
1.4585706488858012e+00
-1.0117473164354580e-01
1.5405242826688468e+00
1.3046280602262161e+00
2.4627637992688864e+00
-7.5380224436767374e-01
1.0699513126825371e+00
-1.0643096201507904e+00
1.5107970863419919e+00
1.7845679125266481e-02
3.8911971832200903e-01
6.2727467183725227e-01
-1.4617480292934075e+00
4.2479396591777563e-01
-5.0353309990251105e-01
-1.3904496886109574e+00
1.1373511543857547e-01
1.4784875450031845e-01
8.5335398606917445e-01
-5.0059016890570573e-01
-1.1224350826999114e+00
-2.2196231502954127e-02
1.8806132646004863e+00
-1.5232651926439917e+00
-1.7940681528719349e+00
-6.3709520951801313e-01
-1.1223036520991827e+00
1.9973480818442999e+00
3.2719824529287705e-01
-1.2916164134048342e+00
3.7035256989941412e-01
-1.4321424801414904e+00
2.3645807787729107e+00
-7.0349513401450592e-01
7.0890230821851608e-01
-3.5692127088193393e-01
5.9611598250860043e-01
1.8937495043725241e+00
1.3033837337472820e-01
-2.4793351195469540e+00
3.5384993007774002e-01
-4.3918634472866280e-01
1.6997472683493642e+00
7.1887020036056043e-02
8.0170765395083621e-01
5.2800340011226937e-02
2.0400825861311200e+00
2.4215521744742413e-01
-2.0094042809864765e-01
2.0463420551302769e+00
-1.0615025104815168e+00
1.3077400998319575e+00
-7.0071081996372686e-01
-8.4798952939563292e-03
-1.5853766373633691e+00
-1.2201526971026777e+00
-1.5183923007260864e+00
-7.0447911820110155e-03
2.0418739824106227e-01
-4.7166744441639996e-01
1.2207291093095309e+00
-4.3841469313093462e-01
1.4867250441346980e+00
2.1967406526308566e+00
-1.0482301753419924e-01
3.4567557265139659e-01
3.1138498476549298e-01
-1.3968864657437636e+00
-1.0591321982687678e+00
1.0562497638468709e+00
-3.2431042940743388e-01
-5.6794557179083094e-01
2.2011382773468055e-01
1.0873511994952920e+00
5.3033277324311046e-01
2.5634094284323644e-01
-1.4082307042369067e+00
9.9663967826205346e-01
1.4412723533641831e+00
-7.7700092771503282e-01
-1.5220386401450883e+00
-1.3050277707016136e+00
-5.5811240408136109e-01
7.6455101660638003e-01
7.2573474802509919e-01
1.1447072496260877e+00
-1.7992013151886752e+00
-2.2754534745446793e+00
5.0073027028132773e-02
1.5196320912049512e+00
9.2105312696144448e-01
8.0279485257349570e-01
5.4851851563794596e-01
1.5882280124423143e+00
1.5790341483797190e+00
1.5087209941452281e-01
-9.9082169012101473e-01
2.4915144182542939e-01
-1.3073926680457486e+00
-1.4940593441712793e+00
-5.2983626938385930e-01
-6.5457151404526426e-01
1.3746061081849228e+00
-4.0288796338220906e-01
6.3657235509089000e-02
1.9011734382068782e-01
-1.6332857057446422e+00
1.1386078384334898e-01
4.1387011377567595e-01
-1.1610892680024265e+00
8.4654581153316322e-01
-7.2797881259399067e-02
-2.3439494984074244e-01
-1.8338312324187260e+00
-1.5502317632814422e+00
-1.2466326778489221e+00
9.5840779104980767e-01
2.0079444669648894e-01
-8.9543109445220870e-01
1.2217536012850969e+00
-1.5576971564701465e+00
1.0577149180660219e+00
6.3644056577470642e-01
-1.3710562943210458e+00
-3.3668720715405981e-01
5.0430679010233970e-01
-2.0052881800425189e+00
5.5375264213808381e-02
1.4729845129069243e+00
6.7025362005541533e-01
1.0715982403755016e+00
-3.1172182535995535e-01
1.0084024634720963e+00
-2.3008144797940315e+00
-1.2946561239469929e+00
-1.3897684932300185e+00
1.5974671386419093e+00
-1.0996347879945205e-01
-4.0208787402575431e-03
-1.7805553206787013e+00
1.0184378649607913e+00
6.5854349841882587e-01
-8.2292496979151775e-01
-1.4752600379088325e+00
6.1191036110598207e-01
1.3092450990028464e+00
1.0650644161199767e+00
-1.4215454752493635e+00
-7.1164364369472299e-01
-2.1484736040739554e+00
-1.3213606733329839e+00
9.6425251682943980e-01
-6.8132260306561176e-01
6.9466777669856983e-01
1.3269474809990911e-01
-1.0797316611518792e+00
-3.1597536839182733e-01
5.7929466832527010e-01
5.2568812197723157e-02
-1.4546412136391911e+00
-1.0005786379036969e+00
-1.0624298893814255e+00
-2.1786019809098423e+00
2.6344357364849955e+00
-1.5339532975429764e+00
3.8363191007867309e-01
5.7902287090003290e-01
-1.8410569946740660e+00
-9.0031905302528892e-01
-5.6711942401559989e-01
7.7994930059119871e-01
-3.8865339261192394e-01
-2.1470926485427477e+00
2.1253917460501315e-01
6.1368585829351074e-01
-2.0644216243508615e+00
-4.2765553964539627e-01
-2.7231851352398972e-01
-1.5773511354585401e+00
9.8178222304099472e-01
9.0783488497458675e-01
1.6409733288234476e+00
2.2560727316509488e+00
1.2834626347802982e+00
-2.5716586055888335e+00
2.4193551094948923e-01
-1.2169114087803408e+00
6.9700919361483940e-02
9.3609058074241414e-02
7.3448886888960369e-02
-8.0820567821190004e-01
-4.2344789033475433e-01
-2.4257679067192832e-02
-1.9831075766426578e+00
1.3265999939118338e+00
-1.4448640444424623e+00
-1.0975306356143204e+00
-4.7981329568595410e-01
-1.6816404305827484e+00
6.4928729924729356e-01
1.0290553368945534e+00
1.5921077267438770e+00
4.3983724476133157e-01
-2.0255704524542603e-02
1.1366032554250829e+00
4.8818402855781007e-01
6.6316616660776673e-01
-1.4098550306820190e+00
-1.2673312182009805e-01
-1.2086838317585078e+00
-5.4622375394053246e-01
1.0180932793197908e+00
5.8902900362620370e-01
1.0191560217902342e+00
-5.0218996735252797e-01
-3.5747347364576526e-01
1.3472767884267247e+00
5.3151918463808823e-01
-1.5202865891664037e+00
-1.4576065646796179e+00
-7.1212932806532669e-01
8.2497596272043372e-01
1.4226270185319230e+00
-7.4211016734981317e-01
1.2836258212228577e-01
-1.7113691503024524e+00
7.0487223936702803e-01
-1.0590064774225507e+00
-2.3818769215761177e+00
-8.8625393088026194e-02
-2.6322390381524539e+00
-1.7463828636172236e+00
-1.0502987801693542e+00
-5.2163102424445040e-01
1.4069966004717921e-01
1.9012309763048238e+00
1.3689863305205048e+00
-2.6595813535271590e-01
3.9466691003524690e-01
8.1445227940452491e-01
4.9881755411392514e-01
1.9203634933580045e+00
-4.0556127136543196e-01
2.0779083838697860e+00
-2.4527124629175909e+00
-1.7436026288824238e-01
-9.4629028919659519e-01
2.2046596726954384e+00
-1.1868609644286570e+00
-1.9099475607522012e-01
-7.2101670423795672e-01
-2.2847839551484639e+00
-1.7550664384209297e-01
1.3282301595331929e+00
1.3104679114756750e+00
7.3656671030236709e-01
1.3946168547650308e+00
1.8445318367435783e+00
4.0410448410642102e-01
-1.9975282773122163e+00
-6.7803079149653778e-02
1.0142814058371394e+00
-1.5294822949445792e+00
4.7702837794642411e-01
-6.8176314021821971e-01
-3.6531330417073005e-01
5.7853392864850861e-01
-7.5417590386381905e-02
-2.7091539093246775e-01
2.0280778628964663e-01
4.9115201098467304e-01
5.3523853885085004e-01
-1.3385170383326941e+00
2.2385135374606682e+00
-1.4827671991587632e+00
1.7169048648025096e+00
2.5793319226378025e-01
1.2829996309078240e+00
2.7081085939662081e-01
-4.5150515682900783e-01
-1.9426546172210797e+00
-5.4507936337281508e-02
1.7874373648950748e+00
-2.4490103822822623e-01
-2.1517415903270656e-01
-8.4974387631405168e-01
6.6315335666509712e-01
9.3720154722733162e-01
-2.4761268430281028e-01
2.3542786708302352e+00
2.4149371015498229e+00
1.0331203131683495e+00
-1.1258500767190613e+00
3.9385892420983998e-01
1.3758318192348504e+00
-1.0585030804474101e-01
-5.4052035559079892e-01
-1.7274224368175033e+00
-5.8581338449279530e-01
8.4222802862812185e-01
-3.2841516188130512e-02
4.5829807933449218e-01
1.4983687014018499e-02
8.6095945497898929e-01
-2.0557021111533831e+00
-1.5630082024507255e+00
1.1125440620912102e+00
-3.1910918968734143e+00
1.2533356975608814e+00
-3.6459480493644542e-01
2.8180551197170778e+00
-1.8637706202627031e+00
4.9254500229675052e-01
1.1122481660255106e+00
2.4846205008764191e-01
2.1475881807199235e-01
1.1027671536696086e+00
-8.4811929825860521e-01
-3.7706333102861989e-01
-8.8359497829072797e-01
-1.8721656811317497e+00
6.2898096501868533e-02
-8.2314726535629046e-01
-1.8682356300426379e+00
-1.2184616031196049e+00
9.5940904072250713e-02
-1.3507059153570178e+00
1.8984650151390015e+00
3.3982671555225175e-01
7.5192662784000042e-01
-1.1744922895862362e+00
2.5213688348359962e+00
1.5612670416306202e+00
2.1777060376278753e-01
7.2263411659068377e-01
1.6776327420387900e+00
-4.9069829609488408e-01
9.8937027320814130e-01
1.1097967416693506e+00
8.8443266710656032e-01
9.0151558715755231e-01
-7.5292839845170667e-01
4.4864386291886788e-01
1.2461625885688785e+00
-1.6673163499612971e+00
-8.5072952235788202e-01
-1.6682185978580739e+00
8.3193610426141684e-01
-6.1753882437196994e-01
5.5196732634260259e-01
8.2777960783584104e-01
-1.2272972324469760e+00
-1.4050834617145422e+00
2.3301168391342530e-01
-9.0152425897085289e-02
-1.5250648412724743e+00
1.1395368619276980e-01
1.4182396293668664e+00
-1.2417795058361061e+00
4.0379352381131062e-01
-1.5572888503016398e+00
2.8422328248907807e+00
-1.4277273756535538e-01
