N(0.1, 1) model_2
0 1000
-4.5249680672821019e-01
8.2715238932132185e-01
7.0423352557564300e-01
3.1137981963909054e+00
5.1446798037171249e-01
2.4657704948952310e+00
1.6394556451189086e+00
-7.3428239146432672e-01
1.1152580251911679e+00
1.7819892367630115e+00
-8.5064741329178184e-01
-2.0452966423635260e-01
7.6548193861363156e-01
-6.2938918527398202e-01
3.9805291287266398e-01
2.1440216966084193e+00
-1.6259197069620102e+00
-2.7989677981735067e-01
1.3904924716433160e+00
-1.0972918576156550e+00
-2.8299386715052288e-01
1.1040740281183452e+00
-4.4011844857150445e-01
6.7439860379250349e-01
-1.7745443164629511e+00
5.8793591480368734e-01
-5.4774379526104122e-01
3.1914605535338431e-01
1.3975657640837484e+00
3.4337992988258120e-01
1.0545132726726053e-01
6.4757591918789281e-01
-1.4998003466772938e+00
-4.1455585425570030e-01
-3.5268265636492768e-01
2.2984752143310191e-01
-1.6306772835070008e-01
7.7047843325297105e-01
7.5189264913770071e-01
6.8323288691389883e-01
1.1654189747808434e+00
1.8406294358004085e+00
1.8540306555614403e-01
7.5975079405126111e-01
1.3746399570269046e+00
3.0058281481064593e+00
-7.3588558539349214e-01
-1.3457420851354349e+00
1.3286453108800822e-01
-9.7398222948675950e-01
-9.9490407614097179e-02
8.2866768335630892e-01
1.7117077103691420e+00
-1.0115745352964176e+00
-1.2313098517272136e+00
5.0767460442181123e-01
1.1299018073383644e+00
-5.0299989470280648e-01
-3.0049524451291798e-01
-7.3911412709254043e-01
-1.9271691469934151e+00
-1.1721684802364891e+00
5.3001021892469957e-01
2.1098428641815419e+00
7.2948935568285234e-01
2.1999427436523949e-01
2.0832862239267289e+00
-7.3033032053949365e-01
-3.2709294099302288e-01
1.2469739174911367e+00
9.0717208172888850e-02
-2.4180795976714031e+00
-1.3659501309025495e+00
5.0466226146024262e-01
2.1158531543184402e+00
1.1076905218218482e+00
-1.1897467743740464e+00
3.3507186278300927e-01
-1.6790256777199572e-01
-1.4165914656630532e+00
8.2617587223863878e-02
-1.7586134320163793e+00
-6.0539183719710765e-01
2.1920028345952988e-01
-6.1643601301813400e-01
-8.0483769811439165e-01
1.5143782876631031e+00
2.3580580543430569e+00
1.6499590857635908e+00
-1.4860902972896331e-01
2.2447961564790886e-01
1.0263658576125996e+00
5.9613094058126781e-01
7.3096281442841005e-01
-6.2786636064233425e-01
1.6091843922699005e+00
7.3507634782912956e-01
1.2736113790728326e-01
-7.6936336018185369e-01
1.4703745789033731e-01
-2.3159723464230880e-01
-6.4817249512063524e-01
7.1058419928076042e-03
9.8274683396843060e-02
2.2642949243190245e+00
-1.6859919161941552e+00
-9.7204034855415822e-01
1.0406099015814487e+00
-6.0859940257441925e-01
-1.7337648763598672e+00
6.9732538810370670e-02
4.1377607918532167e-01
-5.9832966693371614e-01
5.2356086481610298e-01
-5.7850497600247575e-01
1.4476067473864729e+00
-7.0613918862349212e-01
6.4047022775669782e-01
1.7248388291509861e-01
6.1652721974723945e-01
3.4110424342437595e-01
5.1207413125894274e-01
-1.4122714080814758e-01
-1.4997570330044421e+00
-6.5512596062539918e-01
9.5174960965182442e-01
1.4206238115809202e+00
4.3724182847056192e-01
-1.1174969138800397e+00
-4.8572030517664833e-01
-5.9382763940151839e-01
1.4532523634601704e+00
1.4410262440380539e+00
3.5948874429411115e-01
-7.9797441390738688e-01
1.3260625533445200e-01
2.7671237821454320e-01
-3.1168208124258673e-01
-8.9965836302363034e-01
1.8192975085910429e-01
5.8301372933459306e-01
-2.0212271616818642e-01
2.1742062965295525e-01
-3.1024419412103388e-01
-5.7935408112007347e-01
-1.1163024199256684e+00
-5.4834982934843579e-01
-4.1466803316648621e-01
-2.5109068927052430e-01
1.7623314257495710e+00
2.1727730005994292e+00
1.8317316770993695e+00
2.7615858690874906e-02
4.2086502184366444e-02
-1.9885726375659141e+00
6.1433426161311688e-01
-7.0435457422287040e-01
9.2457827544312352e-02
-3.4479946372123849e-01
-2.7105172635662339e-01
-1.1426966934636336e-01
7.0573035439054044e-01
-9.1912813708339469e-01
2.6879580927317803e-01
-3.4619157586086458e-01
1.0432800901152604e+00
-8.1958887276804404e-01
4.6343311479293758e-01
1.0209260606072599e+00
-2.3783577303231589e-02
-2.0810315262799755e+00
1.1637667267065785e+00
8.6038263545262128e-01
-1.8000189474210046e-01
-7.1918152236299981e-01
-7.2156586207383555e-01
-1.6143547987720457e+00
-6.4320540862816011e-01
1.5835580337470632e+00
6.0654644963433635e-01
1.3786713372439483e+00
-4.9814561501796290e-01
-1.6817013559270466e-01
-2.2403773418585013e-01
1.2736558473549542e+00
1.2046647983925708e-01
-1.2483580954057663e+00
5.1678743451855802e-01
8.1983990133917284e-01
8.9275231534250787e-01
-7.0610041034964199e-01
1.2849817967241501e+00
-8.1301302653988139e-01
-1.0121164463108933e-02
4.7136123992131901e-01
-8.7550620724981432e-01
4.4709823241337217e-02
8.9542932517955387e-01
-7.5025569505711454e-01
-8.9356746552996946e-01
4.8443174458343619e-01
-5.0091345457681957e-01
2.0019050539396380e-01
4.6031438237399375e-01
-3.0115182605490864e-01
-9.9917263517877108e-01
-1.7504280050475280e+00
2.3896926846536619e+00
1.5193407243015997e-01
1.7939751844089571e+00
-1.8717644307565013e+00
5.2375035468712272e-01
2.0336927518601855e+00
-2.4961037309349898e-02
-1.6788061094669819e+00
-3.3257604117641798e-01
4.3456557332917001e-01
-6.2410609530511606e-02
-2.5856445268143215e-02
8.0478019055239514e-01
-5.6244053182311793e-01
1.2179435724474883e+00
-4.0431517333458705e-01
1.1671032999970579e+00
-2.4787534401372953e+00
1.2861507292467439e-01
1.3722357437068242e-01
-1.0146924174492857e+00
-1.6812174297179480e-01
-1.7627107683854298e-01
1.4335418035579721e+00
1.8360547668395217e+00
-6.2413075266881635e-01
7.1222491916491371e-01
-7.7737928909459253e-01
-4.3780451500556500e-01
-2.0143791579275732e+00
-1.1367891097434621e+00
-1.2117179152461162e+00
9.1579661878351259e-01
5.9298370742074402e-01
-8.0080148866213430e-01
4.7051102034854425e-01
-4.3167280026079552e-01
-2.0581498092177403e-01
1.0859820894795700e+00
-2.4748551178024733e-01
-6.0394286838562405e-01
-8.9826189486167538e-02
-7.8734506632001411e-01
7.2029520080415455e-01
5.4105296961203797e-01
-2.6591253641955128e+00
3.4312011046630359e-01
-4.3365498856361362e-01
1.0114235623731760e+00
-1.4303135292636602e+00
-6.6454316417635284e-01
8.7751385793451120e-01
-2.2040883014310897e-01
9.8228526028913121e-01
-3.0323647166160173e-01
6.0061893226127350e-01
-9.2463637394204412e-01
5.6803681613602452e-01
-9.3743705576200362e-02
-1.4660450870033657e+00
8.4797740103198394e-01
2.2318767366165404e-01
7.6772305875468805e-01
5.6498593765750094e-01
8.6122514022224472e-01
4.6644642435444666e-02
1.4749487678879107e+00
1.5171413641887919e+00
6.8917212672210082e-01
1.3859603202745210e-01
6.2898552512875039e-01
-6.3790806504914943e-01
-4.2866955405620844e-01
-9.8930701064371046e-02
-1.7039839052530034e-01
1.3020125670920091e+00
-6.1138986576905963e-01
1.1630600373711193e+00
-8.7912341536890082e-01
8.4289805112287397e-01
2.5893820187077499e-01
-1.1629413436278205e-01
1.9575647714628874e+00
1.5872655451231410e-01
-9.7825279846162308e-02
-7.7593629901484384e-02
-8.8152901553966712e-01
9.5087146191861915e-01
1.0331167394784695e+00
-3.7721720112197249e-01
-5.8681932740776299e-01
3.7385263098023497e-01
6.5432234827119151e-01
3.9545771482663628e-01
7.0857039846527714e-01
-1.5321466328655782e+00
3.6180180451609828e-01
5.0885010827292065e-01
-4.1506533454639782e-01
-2.7391802007693355e+00
1.7082155802369911e-01
2.6370990531778615e-01
1.9623079538796415e+00
-2.6308518807188146e+00
-5.2903010057373678e-01
2.2973824247413552e+00
-2.1496134498563232e-02
-6.7023388215190849e-01
7.9968933468610459e-01
2.7197688793648656e-01
-2.0887560578443529e+00
-8.8416533107333925e-02
-1.0509141285780688e-01
8.6389468368177913e-01
1.8379558738977415e+00
6.6011823464476560e-01
5.8244470612403398e-01
1.2273853165478090e+00
-5.2458653934732169e-01
8.8608656285455917e-02
-4.7371542432617458e-02
-6.2927874269345696e-01
-1.1561203487848772e+00
-1.6571032447842815e-01
1.7794482532296412e-02
1.0166236377187843e-01
-4.5619807958658271e-01
2.0345419902123378e+00
-1.4829238711153367e-01
-1.2319610745076497e+00
1.0489113138951900e+00
4.8415784587683669e-02
-1.9331109101581787e-01
8.7499862660978822e-01
-6.2937648615666725e-02
-1.3619084310519766e-02
-1.5379538763372318e+00
6.9225146838437090e-01
1.4111722453768127e+00
-3.9568619997116977e-01
-6.5392644696617797e-01
9.9363836437325881e-01
-3.3829552480041475e-01
-8.6912213177470421e-01
5.0918218097877921e-01
9.9451427639140264e-02
-1.1909353833961631e+00
-7.7377381032103842e-02
2.0313788799080021e+00
-1.7107506191467836e+00
2.6716993819018087e+00
7.7471124176652073e-01
-3.6420799660310338e-01
4.1055594093174086e-01
4.9264175665520921e-01
3.8294053146472024e-01
1.1042632780211091e-05
8.6828958591792638e-01
6.8277401782007074e-01
-9.0661950421175530e-01
-1.3151352089799109e+00
8.5062819123308042e-02
-7.0421740690425394e-01
-2.4132546602419258e-01
-1.5900157094730938e+00
-2.4413209839533107e-01
1.3303503950881357e+00
-4.5045228760408457e-01
-6.6701825297234218e-01
8.6985679913294478e-01
1.2954682852083679e+00
4.4240488570945286e-02
2.9950484580581710e-01
-7.1361834083284037e-01
4.4038528618303296e-01
-5.7393349187604725e-01
4.9935483183890733e-01
-5.3947078614935329e-01
8.3696977605155909e-01
6.6035346546172913e-01
5.5326471856211690e-01
-1.0737939439029895e+00
-3.0126873740095605e-01
-1.2723129274146527e+00
-1.1836929745791565e+00
-5.3835225512079210e-01
-2.6747787490596237e-01
2.0000272697274671e-01
4.1902085228787517e-01
3.6686232140447750e-01
4.5239012838574383e-01
-1.1019085795584729e+00
2.4022950314930303e-01
2.2492953231606583e-01
9.0096692376348209e-01
-5.3595884924626531e-02
2.1883185402909039e-01
1.2449775371130067e+00
1.1750519328035962e+00
1.1739445827271644e+00
-9.1102003334769047e-02
-1.8994510252621997e+00
-7.8472005998437855e-01
9.3726688146233850e-01
7.6351622314405032e-01
-1.5003644580530862e+00
1.4762073294482307e+00
5.8741926720214310e-01
1.8382153904144258e-01
3.6760423091193978e-01
1.1957591608969866e+00
1.2758168693393737e+00
3.1404712123873564e+00
9.4905399486228503e-01
6.7005387930377958e-01
1.1000996936239575e-01
4.6772606417863238e-02
1.7541133112556799e+00
-1.5681132947152326e-01
-1.2606959616850457e+00
-2.3497487476174008e+00
-1.7713670157032874e-01
1.8520677769977159e+00
1.2426077607791668e+00
-1.5030076908864358e+00
4.8181088383098930e-01
2.4476505785673934e+00
-5.5214329331387679e-01
8.0060287779772221e-01
-7.4295817574892564e-01
4.0863199713014314e-01
-1.9264250472282400e+00
3.5214313015630515e-02
-1.3869031594348256e+00
-9.5510826567705120e-01
-7.4244649753264808e-02
1.2306970676898585e+00
4.8717091583201794e-01
-1.3961999437302824e-01
-1.6391660331753772e+00
2.0426208073436061e+00
6.1527653465354748e-01
4.6447994874116277e-01
2.1619900012270973e-01
-1.7677126356112641e-01
-9.7148786760365702e-01
-1.8147171082137759e-01
1.7177151848596448e+00
4.1127726614948806e-01
1.8870513314592126e+00
1.2450988739991560e+00
-3.5993318872486763e-01
-1.4639622216943679e-01
4.5726481290299292e-01
1.8629350602601269e-01
8.5533081881590445e-01
9.0165540951546197e-01
6.7636447176463688e-01
-1.0236779988566542e+00
-1.4508956957815150e-01
2.3476755182411091e-01
-1.1428968624431746e+00
1.4432797193521758e+00
-1.6748905221034310e-01
-4.7676921879988932e-01
-6.0603832779663391e-01
6.2956697899535696e-01
8.4261566431035706e-01
-1.9732546007311463e-01
8.6710006870196310e-01
-2.9417773650081188e-02
-1.8581545098664926e-01
-2.4738509991378242e-02
8.1011702908450289e-01
-2.0188545587023885e+00
4.0742266485605605e-01
7.4129957458403917e-01
1.7674692898844671e-01
6.1310488674340476e-02
5.9466981280287379e-01
-1.8695428837363398e-01
2.8251445068712183e-01
-1.0443116412745114e-01
1.4229057616568760e-01
4.9676761389536456e-01
-1.0733831624573585e-01
-9.3914303509843056e-01
-1.1902609987652344e+00
1.8146244482799178e-02
1.7484824277230626e-01
-9.4877314999728457e-01
-2.5209142731271259e-02
7.7954728036234622e-01
1.5567386468254629e+00
-1.0221494083849885e+00
-1.3586667466053950e+00
-2.2075889839250129e+00
-7.9640688751359934e-02
-5.6755687299681890e-01
-2.9409226161696922e-01
4.5126079556428556e-01
4.5824429533812094e-01
-8.4071800535216823e-01
2.8240707916500363e-01
3.1653866260645158e-01
3.4239356754108628e-02
3.0271976603793926e-01
1.5325422229961102e-02
-6.8892955773760178e-01
1.4603479700408958e-01
-1.6187904557856492e+00
1.7851963836665878e+00
-8.6595965600930636e-01
-7.6022025690422063e-03
1.1493786678251268e+00
-5.8737257082002448e-02
4.0414396899910315e-01
-1.6001377981403067e-01
-7.4961913365324440e-01
9.8042810827397422e-02
8.1759410377592223e-01
2.6531775140633201e-01
-1.7410575126243735e+00
1.4164746953391947e+00
2.3984603035645000e-01
-6.5941557840669837e-02
-7.9170033677636031e-01
5.7368613259150081e-01
9.5824848629710846e-01
-7.9508905304696592e-02
2.3397673992536056e-01
1.3270685032300744e-01
4.2227325984556169e-01
9.4253729050373303e-01
8.9119049509622392e-02
-1.5042217790047898e+00
-1.7732645045524405e-02
-1.1090729678763924e+00
-6.3493324947032859e-01
1.9923003766218677e+00
3.0572125533415068e-01
4.9675486441113764e-01
-4.0094479753566441e-02
2.8775736311018990e-01
-3.0165465156993233e-02
-5.0969762804068530e-01
3.5298999782006424e-01
7.1037667453699727e-01
-2.1495911107905643e+00
4.0981545752318410e-01
1.9344995231204815e-01
-5.1666162595703957e-01
-8.7305276246814931e-02
1.6041940796280489e+00
2.8383819463312271e-01
1.1565011624943962e+00
3.8035710330540690e-01
-1.4511325875258962e+00
1.8784631030940666e+00
-1.5884098356213396e+00
-9.5852908701047335e-01
6.1784954725416907e-01
3.6285165733181013e-01
1.7512805909807370e+00
1.1011564942255063e+00
9.7672987036868331e-01
5.8898947249069278e-01
9.0623736215155293e-02
1.9335624346315233e-01
3.7801692282794247e-01
6.1444142728794192e-02
4.9972608243480504e-01
2.0141058955695471e-01
4.9316660652994809e-02
7.1554836362223551e-01
1.2336393328127724e+00
-5.3967157455814063e-01
1.5375918813354275e+00
3.5668718594818222e-01
2.1929623961559637e+00
-6.2199456507681627e-01
-1.1195008864482721e+00
-1.0150652560047650e+00
-8.1583619138895125e-01
2.1547883915259178e+00
-1.7397310997740851e+00
4.6656455656048351e-01
-5.8747290387877749e-01
1.3313582211241726e+00
1.7354414636305415e-01
-6.1957629385304980e-01
1.5339367255685221e+00
-3.4775549759874347e-01
3.7507931213242141e-01
6.4544084629961718e-01
3.9890733056384059e-01
4.6007477787990253e-01
-2.5703796675955015e+00
-9.7390628719492867e-01
1.4121258933035874e+00
6.7226492951541017e-01
5.3176153107413371e-01
2.4529490360719186e-01
-1.6724963810344275e+00
-8.4849745893776352e-01
3.5769508300584069e-01
8.4628056435528801e-02
2.0059256321839554e+00
2.0470178856730500e-01
-1.1289566174008365e+00
-1.0848549745777516e+00
4.0168052135196664e-01
3.2139995245442101e+00
-9.9617748608632217e-01
1.1081818968876966e+00
-7.7428244309106764e-01
2.2108890339095479e+00
2.9258999082127690e-01
5.9546686190190412e-01
8.1554053219292888e-01
1.0880776885659436e-01
3.7825354618032320e-01
-5.7388467156740763e-01
-5.0347801899547728e-01
8.6603265063796819e-01
-1.0272186769164171e+00
2.5078195702311223e+00
-6.4492260192664241e-01
1.8945702258676278e-01
2.8497604066377369e-01
-1.1029335545459604e+00
1.1723369704564005e-01
-1.9590570677724140e+00
1.8053231646551948e+00
-1.3161852908581784e+00
-3.3931430522045747e-01
7.9520784125337785e-01
-4.5272104285763931e-01
1.0708900986821257e+00
4.1874460870926838e-01
2.5637332042927934e+00
-3.0975394195479944e-01
-5.5097725292385991e-01
-1.4649124665115159e+00
1.7155457388265982e+00
-3.8007794850307523e-02
-5.4860645814032905e-01
2.0710169736796977e-01
2.3570466453826175e-01
-4.9394883819774937e-01
-9.4281730293811616e-01
1.5403770999310658e+00
-1.2332266652532149e+00
-1.0913727471542614e+00
-1.0608034232731002e-01
-1.0390553294177207e+00
1.2335427789570641e+00
8.2356855919263422e-02
3.0922095413843009e-02
9.8581831244655346e-02
3.9059179513364928e-01
-3.3526701966979444e-01
-9.2591273936230689e-01
5.4837805545440022e-01
-1.5296035890418034e+00
1.4691847621507448e+00
8.1376026429157422e-01
-9.7873243489428274e-01
-5.2111444276770158e-01
-3.4563117133798127e-01
9.7916602772034830e-02
-9.4144252195016143e-01
-2.2173476178958013e-01
-4.4220427341718088e-01
-5.5925585852306714e-01
4.1137994162892205e-01
5.5099308866907570e-01
1.7616693824471497e+00
7.8555438750631867e-01
9.0890106206560539e-01
-4.3354932626001812e-02
1.5054447662082937e+00
-9.0098337332914682e-02
2.6148002357149663e-01
1.3557153436331226e+00
-8.8370325212083961e-02
3.2009278774786792e-01
5.8932858642166930e-01
3.8665715530866202e-01
8.2384197929723102e-01
-3.9430722574097948e-01
-3.7816822806317218e-01
1.1457180983217892e+00
6.1000622035042340e-01
2.1469716286174120e-01
-1.1340330856595824e+00
1.2451931680893953e+00
-1.9838052367106700e+00
5.1020794651894308e-01
-6.6443633224410104e-01
1.7550444201420620e-01
1.1651926092279861e+00
4.6772935574385804e-01
-3.7228334754947016e-02
-6.9879469077907697e-01
-3.9863304583600712e-02
3.4289971288873594e-02
-3.4449967265011802e-02
2.4683477869806869e-03
-2.7917225290843328e-01
2.5906000019851514e+00
-1.3145512301461746e+00
-1.0016650880616429e+00
7.7764233112533698e-01
6.1842432969561933e-01
-1.7006485621229841e+00
4.5286742585382916e-01
5.1411729213892832e-01
-2.1134435709491943e+00
-2.2171107559957828e-01
-1.9776278454664435e+00
-2.0535310064306977e-01
-6.0505908450450208e-01
4.5531563377063772e-01
-2.1482059281954363e-01
-6.3759831614753959e-01
3.0406130670758341e-01
-1.0020446034472741e+00
8.5613296443662856e-01
-8.6535508738863204e-02
2.6766953336243415e-01
-1.5622316720814097e-01
2.7707226781834093e-01
7.6659399100342207e-01
8.0470413087357939e-01
-1.0917519940162130e+00
8.8203644933697334e-01
-1.7833022777827527e+00
8.8513977879708816e-01
-6.4561528827375403e-01
6.5210768192538582e-01
1.1128401441872473e+00
1.2359485932094612e+00
4.4217481789582619e-03
1.9843395530314856e-01
2.9258016115018020e+00
-8.1423394349170186e-01
1.3504333704588450e-01
-5.7663000962188804e-01
-1.8288255776935339e-01
5.6264858453123068e-01
2.4700791860011739e-01
-6.7229211385862575e-01
1.7549106238685130e-01
-7.7509328412664424e-01
-1.8664347321196276e-01
9.0346858752395609e-01
6.6135332060558127e-01
1.2398133297302379e-01
-4.3124292744543441e-01
7.7225511392654544e-01
6.6427398170388785e-01
1.9298143555776588e+00
4.9190205716331514e-01
1.2336752225254315e+00
2.1041773897703189e-01
-8.6552269294740125e-01
1.4574144459715541e-01
7.9756348655784992e-01
-1.3136260466463789e+00
-1.3098919679047544e-01
1.3054240521094664e+00
7.8751362497426647e-02
3.3973779863341191e-01
-9.8061583439209538e-02
-2.6317531562595964e-01
2.2517512510206206e-01
-1.3199573081534564e+00
3.2295571991172728e-01
-6.1942650605988227e-02
-1.3093596901727753e+00
-1.9167395494975388e+00
8.7362445081182283e-01
-1.7072708984055143e-01
-5.1254792629523016e-01
1.8910276970866675e+00
1.7522462953328732e+00
6.4247922580366768e-01
-1.2071061320017758e-02
1.9811215752544482e+00
-1.4375668371638122e+00
4.8572579264853805e-01
4.8484135815512103e-01
2.1474134778231950e+00
-3.2020340007760811e-01
2.0418101924390655e+00
-4.9704443614565536e-01
-4.1864046902376933e-01
-1.5586572204824467e+00
-8.5513282477241292e-01
-5.0835955176906611e-01
8.0866571058366588e-01
1.7907256455202045e-01
-4.4373235179444648e-01
9.5595775555831253e-01
9.7100876603245145e-01
1.2607849517977202e-01
-7.2651302837289911e-01
-3.9860319695505986e-01
-6.3600502761126484e-02
1.6426484109483226e-02
4.8769985601188887e-01
3.2228755012718302e-01
-3.9393026928917446e-01
-6.4621174346084431e-01
3.1700273399533674e-01
-2.7311894610594051e-01
-1.3258257784274907e+00
-4.5366665000517403e-01
1.5711024750604754e+00
-6.9544310211652882e-01
1.3012124223698769e+00
2.6339913577644247e+00
1.9501761812928426e+00
1.2661210840016039e+00
1.3262296488061800e+00
1.7477912618494393e+00
1.4845109330703299e+00
2.1303953883312388e+00
5.6411685860509431e-01
-2.5792620958258322e-01
-5.4551848701526318e-01
-6.2054565366057235e-01
2.2007327176198088e-01
1.2797682417320204e+00
-2.5160896332314691e+00
-1.6957984409414881e+00
-6.8193981597726272e-01
-8.4859539959966124e-01
-8.8214507203454773e-01
-5.8283161837954856e-01
-9.5170418694653103e-01
4.2854486866472991e-01
-1.5120882789269208e+00
4.2112425064848091e-01
-7.7979281946406043e-01
5.0832051471650463e-01
-8.0783330471150172e-01
1.9972191055196722e-01
-3.3130114017851553e-01
-5.4926543828663044e-01
-6.5400497826121251e-01
-5.4756591021888013e-01
8.0371130294667392e-01
2.6027958691706082e-01
8.0740251524362705e-01
-1.1495233992217715e+00
-4.0535402101630769e-01
-5.5113996961259060e-01
1.4148999398582556e+00
3.0155021026079504e-01
-1.6669596956459315e-01
-1.5612712685534809e+00
-1.5205859199735838e+00
1.9369232033596792e-01
5.4941243629214420e-01
-7.0019788359587365e-01
-9.0902568373426185e-03
1.0812253469797339e+00
1.5377645002330328e-01
-7.6224598546265854e-01
-6.2959775781869876e-01
-2.2102797187447845e+00
-2.2262752077739528e-01
-2.8223038782725357e-01
-1.9670079496208834e-02
-4.9407516570652482e-01
1.3666250556803390e+00
-2.8744246553007322e+00
-2.6594611925475659e-01
-1.1498393850398904e-01
1.3050095308372658e+00
-1.2804814013837370e-02
-3.4011691033131258e-01
-2.2358928548694861e+00
1.0523312195548757e+00
2.3085102503705346e+00
-2.8128784578367599e-01
1.5259321778544732e+00
1.6593058895632415e+00
7.1626697640339809e-01
-7.3746185599171277e-01
-2.9088961849959799e-01
6.9041170868308266e-01
1.1043248987272538e+00
1.0926315957341832e+00
-2.2208075267925101e-01
-1.0720922011179512e+00
-1.7251309041340339e+00
-1.3367987963690728e-01
2.3461413435733669e+00
8.4390866081517957e-01
-9.5209539552427080e-01
-2.3208577195193264e-01
-9.7443198866976422e-01
-1.3494694029118218e-01
-1.2138510456784974e+00
-8.6019292649912871e-01
1.0831653446366103e+00
6.0547591358517661e-01
9.4693981472072297e-01
1.4907641557849416e+00
1.5802303067244543e+00
1.5584049512107607e+00
1.2460852090037178e+00
1.5517756903307216e+00
2.2779964463369701e-01
-1.3439118357676234e+00
1.0954093382863606e+00
-9.3969922048776772e-02
-1.7955780175351762e-02
-1.8266706115823199e+00
1.4998576114394854e-01
-1.7819380201390513e+00
1.3468130795348985e+00
1.5385403644907163e+00
8.4096565869242926e-02
4.1598465243232674e-01
-4.9901374648932978e-01
1.1920024331961141e+00
-1.0151757839936795e+00
-1.0830631988909382e-01
-1.3753560722674676e+00
1.3957988696842492e+00
-5.1722444870070516e-01
-5.8594993086921332e-01
1.4204615506484404e+00
8.2174071283397779e-02
-1.7385810496621212e-01
-3.6208802095296744e-01
1.3369679236513734e+00
4.5141291771463599e-01
1.1817307074095390e-01
5.0770731744709841e-01
-4.1130587262984887e-02
4.4052555521028341e-01
6.9686345121272253e-02
-8.8223779042995276e-01
9.7201791390057057e-01
1.5595018307380407e-01
-1.7696514157146090e+00
-4.1004657217712259e-01
1.1590951094514470e+00
-3.3317899213738478e-01
1.8498531926437778e-01
7.3793121352291458e-01
-9.7930373113531999e-01
3.5124542301994405e-01
5.5191171150136098e-01
-1.2885654051949338e+00
3.6766221863609502e-03
-3.4973996574864147e-01
-2.5944999735201379e-01
1.9694424743640941e+00
4.2181642637891925e-01
3.2111148915065157e-01
7.0244143818472482e-01
-1.8673154299924328e+00
1.5248713000357563e+00
9.4381721324065049e-01
-8.1416864478283313e-01
-2.6081942901286328e+00
1.4319940656458194e-01
9.6546871356935704e-01
4.6109002279105882e-01
1.5015163202442512e+00
-6.3043619931626854e-02
6.2326436595439838e-01
-1.4481597751825068e+00
-3.5084301099914020e-02
1.4279802026978923e+00
-1.0545284335426375e+00
-2.8290008849957682e-01
1.5709048885818937e+00
-4.4548978871904765e-01
1.1510366915532968e+00
2.9084221669248950e-01
1.5995884890454926e+00
2.3297725331706967e+00
4.9031909593072814e-01
1.1233618864351402e+00
-1.7059010876671946e-01
-2.0325056942316255e+00
