N(0,1) model_3
0 1000
1.5177075935998201e+00
3.7568567002047937e-01
-7.9568384800618608e-01
8.7058442774832379e-01
-1.4255482735465830e+00
-5.3790251619916984e-01
2.0067899077293277e-01
-1.4597487079478695e+00
-1.1888444493265531e+00
-7.4231526454647601e-01
4.0793075312587623e-01
1.8938961115221090e-01
3.1875293416195669e+00
3.2299689758521127e-01
-1.0979528037078885e+00
-9.6588301594448589e-01
2.1495467744716218e-01
-1.0273441565802537e+00
4.3760406619779542e-02
4.4109323801157296e-01
2.5477541458640829e-01
-4.6350047594825933e-01
-5.3174683077935581e-01
2.0528719759652744e-01
-9.6640651169349856e-01
4.8567144793502115e-01
1.4707446434294080e-01
-4.0103079383045298e-01
7.8743426862594756e-01
-1.3400056214909835e+00
6.7984066018016409e-01
1.3058618607858472e+00
-3.7605291401541935e-01
-1.7523002500967666e+00
1.3665342860573471e+00
-2.1323340489362957e-01
-4.6574353351631912e-03
2.1815049929837671e-01
1.3298599422576820e+00
-3.9079869895401282e-03
-1.3998222469370794e-01
5.5368267119241266e-01
6.2405052645923664e-01
-3.1969486590918328e-01
-5.6309210049252389e-01
-2.3727973129389643e+00
2.7654501784259877e-01
7.6957544493937186e-02
-1.5892374179699134e-01
4.2534017905505322e-01
-8.5463880207625953e-01
7.4358201463288809e-01
5.7040114059612990e-01
2.9985362089503319e-02
6.3608994129611163e-01
-4.9737911477466040e-01
6.4812250753059220e-01
-7.4130122050328195e-01
4.0208068225854549e-01
1.3052070897014405e+00
-5.4900274009884964e-01
-2.0404653686623440e+00
2.9079414782108515e+00
1.5029756020188536e+00
1.2284589816108828e+00
-3.6382580821350691e-01
-1.1416151244435269e+00
8.4634656670232200e-01
4.4143030997685462e-01
-9.6073881255593685e-01
-8.6012163536284059e-01
-1.0547370833237768e+00
-2.9532161546045859e-02
-3.5887341266281680e-01
9.0687744518585622e-01
-1.4786401607153715e-01
1.2334237625547808e+00
-2.3714644173696509e+00
7.1914644968679742e-01
-1.2395368464140739e+00
9.7383269676685780e-01
7.0930916705938252e-01
8.4305110452723209e-01
1.2721335093550326e+00
5.4090019914004839e-01
-1.1638644751195799e+00
-1.1980926698405474e+00
4.5223945767052398e-01
1.7291924561821463e+00
8.1209050615693135e-01
-1.6052926466081480e-01
-1.1416088155948063e+00
-1.7974886963353898e+00
2.4677522218917884e+00
-1.4539088780011931e+00
1.2553674306055815e+00
-9.9475665926047019e-01
-2.8396284231541213e-01
-1.1064738442640640e-01
-8.2642676374295376e-01
-7.1320002371552160e-01
1.2219895352839889e+00
3.6499654349319982e-02
5.9635464821530912e-02
-5.9220742720264885e-01
-1.6670221360082571e-01
1.2213298877157650e+00
-1.3573907026737524e+00
5.1045341913427911e-01
7.8557142672910740e-01
-9.4605077118337144e-01
3.3578110045278520e-01
-1.6908051329503773e+00
9.7359110820066055e-02
-6.2370998265165534e-01
-7.7255374130793286e-01
1.0499461665825137e-01
4.0803164005922671e-01
-3.4884540066389480e-01
-6.9995699117576582e-01
-8.1945857905565167e-01
8.0676598784547204e-01
4.1709695947750802e-01
-3.1701453933787355e-01
-3.2021409275589219e-01
-2.6563134043533726e-01
-7.6178532585799619e-01
7.8758822876053769e-01
5.3386077696527168e-01
1.4488439032496288e+00
-2.0462043156080405e+00
-1.2892144279410582e+00
4.5313948115285901e-01
8.0448838332253192e-01
-1.6761932706618177e+00
-9.9384942526485276e-01
-2.9865125838386702e-01
-7.2648481118754915e-01
-1.0714617045087975e+00
5.7510909924083933e-02
-7.6481142280010905e-01
-1.8085262832576612e-01
-2.5026069632058923e-01
-9.2287657572375681e-01
-1.2518366984924820e+00
2.9564015863251064e-01
-1.7696502022106646e+00
6.9672446067343397e-01
-3.3504452589044736e-01
3.1150224542995131e-01
1.3571152960052282e+00
-2.1938489491492676e+00
3.2735847237942518e-02
1.2900815584660468e+00
-2.8828984947335673e-01
9.8178901751454217e-01
7.9727374757023650e-01
5.3612151501956662e-01
-8.0680589245540912e-01
-3.4895284905722086e-02
-5.5270991119319046e-01
-4.9703332943238848e-01
-1.5866135562804053e+00
5.3201720002880495e-02
-5.6415175494505851e-02
-8.9269874857008524e-01
-8.0050427015275316e-01
-5.0723916604892028e-01
-1.0710783961463068e+00
2.6474172137214713e-01
1.5928079288132622e+00
-2.4743004102073876e-01
-4.1283417563502056e-01
-1.0942456228166784e+00
8.7088969795425175e-01
1.8672252287125632e+00
-6.0797332165175644e-01
2.2778096160265999e+00
-1.5686168424167612e+00
2.4512920057811075e-01
-2.3810013102960242e-01
-8.0144729965475026e-01
-1.1706351304355465e+00
4.8241839126854530e-01
-1.0631701869341417e+00
-6.8974260627000317e-01
1.0043865302834225e+00
-5.0194580215354478e-01
-9.5999361823727059e-01
1.8027159414410334e+00
-8.9171816253474548e-02
-3.1588847006179221e-01
7.2742949182331396e-01
5.7364875699436146e-01
-1.5253796860198290e+00
-7.6798965677980624e-01
9.0140589155153841e-02
-7.2600080795520849e-01
1.2151402378887179e+00
3.4068688803610958e-01
-7.2200467333803342e-01
-2.2076165475216989e+00
9.6956788844514175e-01
1.7938944138633606e+00
-1.2979001373506907e+00
7.7535185826339192e-01
-9.5074038034036773e-02
-1.1736893838567584e+00
-1.3904458213535922e+00
-6.8832918756464900e-01
1.5946527065900201e-01
1.9662545803378728e+00
3.6583775379751193e-01
-5.3973688828457500e-01
8.8345611171981897e-01
1.9629523321711282e+00
4.9444737089278418e-01
-2.7693772606130451e-01
1.1890201518251866e+00
5.0217270056354429e-02
-6.3504399453452409e-01
-1.1067752210840793e+00
-5.9450001975038558e-01
7.2661698074364933e-01
5.0609276825678307e-01
-5.1051459374782704e-01
2.1733658552692281e-01
-2.0922110240274555e-01
-4.3045566448293843e-01
2.3794249782821758e-01
-8.6142369284560516e-01
6.6797086418611329e-01
-7.4666595210005515e-01
-2.5341454313139140e+00
3.7004159655581868e-02
-2.8986547455729250e-01
3.4069851446468091e-01
2.8870648738090258e-02
-1.6997772827692472e+00
-1.3939677524620766e+00
-6.3552975398262559e-02
-4.4537830639001164e-01
-1.1345565666461246e+00
2.3388141437372862e+00
-5.6670331684517106e-01
-8.4873497426551459e-01
2.0639831035656941e+00
-6.3614864978923236e-01
1.3608185211220956e+00
1.5129819668778237e+00
-2.2071047630512379e+00
5.0768837373625397e-01
-8.0869165048544925e-02
-9.5350299997911836e-01
4.0814524019057880e-01
1.5130692833112924e+00
-3.4433287433696519e-01
-1.0037909112057590e+00
1.0451055234654296e+00
-1.3671045648909634e+00
-9.2482611501154466e-01
-4.2891068236368673e-01
1.4151031471812687e+00
-4.4831630549154916e-01
1.7182194239135136e+00
-2.2667607058108069e-01
-2.8290927814779798e-01
-4.7297773589257902e-01
2.1412254394615690e-01
-8.3154978511133693e-01
2.7237530330086951e-01
5.0795041448939882e-01
3.1243991374703806e-01
-5.6222842176131238e-01
-2.4132472118076556e-01
-7.6290775824632984e-01
-4.1203726668795293e-01
5.5434895632263981e-01
-7.7786045238213408e-01
-1.2773818923248896e+00
7.7450649178897679e-01
-3.6571380050389257e-01
-3.6828980042629092e-02
6.0364975214880878e-01
2.0463406684833635e-01
-5.7129000952730469e-01
-1.1428983512787932e-01
-1.8255767048361864e+00
1.1429001585304481e+00
4.8785176437180411e-01
-2.8943478029457109e-01
2.6390788779227531e-01
1.8816379225158082e+00
-1.4381804668865589e-01
-1.6896833361240597e+00
-1.8302232971850857e-01
4.3261228849721739e-01
-1.7525472928592025e+00
-6.6285365043673605e-02
2.8682452621490184e-01
4.1833633513953550e-01
-4.8783807705316637e-02
1.1071220306669118e+00
5.5255086557907163e-01
-1.2143833675132081e+00
1.0522238708378760e-01
7.1993921647118753e-01
8.9408559583476788e-01
1.2995156367905583e+00
-3.9349794458761167e-01
2.9693564204320300e-01
-4.7910080642137598e-01
2.8317422443190239e+00
2.4325288574409190e-01
-1.1811562030689760e+00
1.1045261142690306e+00
-8.7686550389193652e-01
-1.1688972579834385e+00
1.3233446957012185e+00
-8.7987731990466861e-02
6.2157468962865370e-01
6.3073487883867699e-02
-4.1948850203973154e-01
-8.2835240455881409e-01
-1.3814135430589074e+00
-4.0871165634496676e-01
1.1503539404873020e+00
2.7531627308309767e+00
1.8023263417921753e-01
5.1651583047379912e-01
3.5934582882130317e-01
-1.1164161096263110e+00
-1.5225956868725594e+00
7.5100580642206050e-01
-6.9697011331448788e-01
-5.4092507463860351e-01
8.2052507307697009e-01
1.3810911332779932e+00
1.6894558817818933e-01
1.6228760740644477e-01
4.0658226310420081e-01
-5.6764353049564575e-01
1.3414846261632958e+00
-7.1676243624253277e-01
-1.8882681649461863e+00
-7.0348982425864071e-01
-3.3512499321718341e-02
1.4671564322096313e+00
-5.8727440881934379e-01
4.5571904362741866e-01
-4.1939828676437380e-01
-3.5728623744241494e-01
-9.8055238718901949e-01
-1.2109281566508447e+00
3.9818447049512512e-01
-1.3156783101467242e+00
5.7173276114690164e-01
5.6725416090559859e-02
-7.8006852926173864e-01
1.0674059782913219e+00
-1.6405182877975837e+00
-9.5625490186711770e-01
1.3716203233172894e+00
-1.5018091474944038e+00
-1.0959970597614346e+00
-6.2357357754049014e-01
-9.5676170243339920e-01
-9.6741735493121303e-02
-1.2380914806969374e+00
-6.2903240802112759e-01
-1.8372819432973573e+00
-3.0974971910478771e-01
7.1114506303690517e-01
3.1432104855473493e-02
-4.4030043355208748e-01
-7.3732755194031652e-01
1.9967776642856105e+00
-6.7235700578956129e-02
7.2518073402085792e-01
-1.3027025015804878e+00
-7.3211095600690146e-01
1.6329600913857922e-01
6.4531698607633570e-01
2.8113811947832601e-01
-8.7765418363746975e-02
-1.3031040826621285e+00
-3.2111350673685718e-01
-6.7633510806390085e-01
3.9795349718018352e-01
1.7257539169289495e+00
1.7903148923290949e-01
-2.2606423546258794e-01
1.8386576846127254e+00
-7.2746576628436130e-02
-9.5326281270880642e-01
1.1316483090865383e-01
-8.9440663052249669e-01
9.0181559194606331e-01
-8.7426272893124957e-01
1.3121641930987282e-01
1.2434026510354046e+00
7.8746282975396142e-01
5.3977398039304880e-01
1.3818364097425524e+00
6.2658896022242594e-01
2.7315420932255252e-01
-1.1334313028901819e+00
-1.4710648921962051e+00
9.7508172185833775e-01
1.0331745064866780e+00
-1.9289135023933790e+00
2.0011571938996195e+00
8.7255265912735558e-01
1.0851445430651943e+00
-1.9873630894124181e+00
-1.9848919561622377e-01
-2.3249514290684936e+00
-5.3918552270983255e-01
-9.6265972386474552e-01
6.7260338915891893e-01
4.6918248260859280e-01
-1.0087566120343316e+00
4.8683458935717366e-01
-1.4903115047058944e+00
2.6211414578949199e-01
1.6614932512790388e+00
1.0413423737288847e+00
-2.8496800104569919e-01
2.1846235564545316e-01
1.0127468190355045e+00
-7.7250228397621390e-01
8.5880802324793182e-01
4.0530756629160880e-01
-1.0576261421687410e+00
-6.6120354743507392e-01
1.5315187641151512e-01
-1.0409490245972275e+00
-8.5396208116062167e-01
1.7383818607639925e+00
7.6699558517004196e-01
1.4706163848891191e-01
6.4878150264912349e-01
1.4152532326734948e+00
-1.0618245187323689e+00
6.5093611009925190e-01
2.1428689196909163e+00
-5.9901757181858384e-01
4.8979927838219878e-01
-7.9409792828474557e-01
-1.9133753316224314e-01
1.5651385622327529e+00
-8.1919403132246782e-01
1.3642581977236425e+00
7.4114358392558077e-01
1.8215023309098046e+00
1.1181210781793776e+00
8.1658409080533987e-03
1.9931464670903412e+00
-1.2651592559773722e-01
4.9269484177939815e-01
-4.1860320515076482e-01
1.2345845839225769e+00
8.8014178550722710e-01
6.1555001138710641e-01
2.3256138196462000e+00
-4.0494634796397372e-01
1.1781200526650710e+00
9.6949719155979430e-01
1.0046873592501775e+00
2.2519523268759105e-02
-6.0618515267738515e-01
-1.5335364318116057e-01
-2.3142742309184117e+00
6.0992045444009180e-01
4.6191775206336594e-01
1.5905851832645059e-02
8.4823181843664497e-02
-7.5521732525219221e-01
1.1487519413708422e+00
5.3964750216859210e-02
-1.7029007323344403e-01
1.2978800409457047e+00
3.6900625626980721e-01
-8.3550156648622464e-01
-8.7317749519478838e-01
-2.9511819042899329e-01
2.4078457807276838e+00
-2.4729600275945907e+00
-1.9331790403398870e+00
6.2566540407022597e-01
-6.1449561540959441e-01
-2.0738283773707018e-02
1.5804938865248290e+00
2.0069380669509331e+00
3.3754508000101907e-01
-1.5647106015459147e-01
-6.0781597051301606e-01
6.0951717082537016e-01
9.7635976487876286e-01
-9.5113411742018972e-01
-1.4956357726516021e+00
2.0679507188934096e-01
3.2339890334266747e-01
-1.2464211460820855e+00
-6.0335754276542153e-01
-1.5312534036456518e-01
-2.3249494785744922e+00
1.0918100782059357e+00
2.1557292214541493e-01
-5.5084494424243691e-01
-2.0522475600276446e-01
-1.5590848507580102e+00
-1.4103275062508229e+00
2.3657195961799280e+00
2.6074314343975691e-01
8.4303846491614909e-01
-1.0921064219722487e+00
3.3450112447094804e-01
-1.1757069675673499e+00
1.9355427058659143e+00
5.2351132467767814e-01
-4.7542582088762658e-01
2.2968144968493798e-01
-1.0198900156076487e+00
-2.7347027074888137e+00
-1.3683188253920737e+00
-3.8979762281475600e-01
-8.0464253765133920e-01
-1.7333899634132244e+00
1.5536342075518164e+00
2.1497845562539242e-01
-8.4983618383227336e-02
-2.1643843092248749e-01
9.4602887326217175e-02
-5.8367396292722529e-01
-6.1142752588739913e-01
1.5923695908121216e+00
-4.4391522756518437e-01
2.5308133157223747e+00
4.4516782795584658e-01
-7.6380424120428947e-01
8.9081227183452460e-01
-4.1271972371343596e-01
-7.0088029300565324e-01
-4.4540762359546371e-01
-9.9961625781065477e-01
1.5981601893284794e-01
-1.2724582598279635e+00
1.2164852525677576e+00
-1.7275914078111190e+00
-3.0731210967206202e-01
6.3077297171699076e-01
-7.8570744138028975e-02
2.0431211512786771e-01
4.4001672205698278e-01
-1.4402474227737705e+00
-1.0638283108914253e+00
-1.8189521701213407e+00
1.3360053363299000e+00
2.3139560615970914e-01
-3.9152984305005567e-01
-2.6507609930692996e-02
1.3248802329315246e+00
-1.3998270057781839e+00
8.4035095253590070e-02
2.2894081950073177e+00
4.0928381484747950e-01
-6.3636713087382293e-02
1.6182717713092514e+00
2.4010179092868994e-01
-9.7247957142206243e-01
1.0239867327658693e-01
-6.7646592507216363e-01
-1.3164461977638744e+00
8.0644220999961014e-01
8.7675479171596141e-02
3.1444871149289516e-01
2.6540347833886488e+00
-6.2949007719326444e-01
-1.7874624735039832e-01
-2.8261330970096261e-02
-2.3132553878149529e+00
-1.4765949135624907e+00
1.2180594399226938e+00
6.4507669755595065e-01
-3.5490790555265306e-01
-1.4163952286698744e+00
-5.4512106724598342e-01
1.2636041955991610e+00
5.0868289095085084e-01
8.3414373369853190e-01
1.1267253317036581e+00
-1.1754820172214722e+00
1.7548900839543752e-01
5.8080969719173370e-01
-2.1843502472567451e+00
2.7011028883770399e-01
-3.1067369310837138e+00
-5.4002938249122268e-01
6.8174043955807423e-02
-1.8385911758292903e+00
1.2492780700654502e+00
-1.9015762239889711e+00
-1.1444315664273701e+00
1.6002697105294314e-01
-2.3465752960944866e-01
6.6398952581867465e-01
3.4298707328496680e-01
8.2575301833721615e-01
-1.1218505437665169e+00
6.8614658257447869e-01
-1.0150749701916211e+00
8.0808155013006733e-01
-1.8409089626999056e+00
-6.2244020444189585e-01
1.4786720273537499e+00
3.0605319790840041e-01
-1.1519215071736037e-02
5.5131159688781228e-01
-1.8168021432238166e+00
1.2848696502978310e+00
1.5299422227737125e+00
-1.4907402774843372e+00
-4.7871708855018402e-01
-1.5138734123935402e+00
-1.0900628206612413e+00
4.9613232682396746e-01
5.7229885024138771e-01
-8.2568400090417671e-01
-9.6441496971605778e-01
4.3095756120703398e-02
-3.3561333713840596e-01
1.3352111531421459e-01
6.8782764014106257e-01
1.1987277307474680e+00
-1.2126985269497939e+00
1.9008749346020475e+00
-2.2890448045478129e+00
-3.7315990543032550e-02
1.8739237579813681e+00
1.3987992303445043e+00
8.2534913370474208e-02
8.0088570071016207e-01
-5.3712389631797397e-01
-7.4402599123899105e-01
1.1488751686805987e+00
-1.5081669571634027e+00
8.9902406320371098e-01
-1.9053156468150398e+00
4.5303625240072198e-01
-3.7303999490931822e-01
3.4574695026234525e-01
-6.0042349170791898e-01
1.2800483611351354e+00
-1.6640328947634198e+00
4.3306451008189578e-01
8.4304782054681648e-01
3.8840940483471442e-01
5.4911018419877500e-01
5.9647059774644941e-02
2.5310447292816379e-01
-7.2278450127383698e-01
5.3677181350012004e-01
-2.2367056279472797e+00
-7.4171667654923012e-01
1.1228610605659203e-01
-4.9642817737348488e-01
3.1355469660188262e-01
5.6533113051025485e-01
1.7214144854367644e-01
-8.2441888236739161e-02
-2.6377542596843034e-01
-1.0640216708406216e+00
-7.2512276233640893e-01
1.2285950140105643e-01
1.3237750291366843e+00
-9.5410245219252177e-01
1.5771921982190709e-01
6.6458777860178520e-01
4.0249586663167064e-01
-2.2768393769694853e-01
2.7339973772612245e-02
-1.4706488640598463e+00
-4.6465642577079885e-01
-6.1458347901680188e-01
-1.3375898363316889e+00
-3.0640907632979686e-01
-5.0967842325705637e-01
1.2895902325624360e+00
1.0082702420252971e+00
-1.8730106499924239e+00
2.1720383022483656e+00
7.7043605293249251e-01
-4.2499682859525661e-01
-1.3250924005071938e+00
-1.3211747107510219e+00
1.2497564219648048e-01
2.2367786700952469e-01
9.5688440143638631e-01
1.1847853065722214e+00
-4.2331443419401471e-01
-2.6650271436553590e+00
-3.4255946502187812e-01
6.5165558457159167e-01
1.5179280432134040e-01
1.3625807945238653e+00
6.7521127394977995e-02
1.7177407383853611e+00
2.0115563130265351e-01
-1.2192148689876166e+00
-1.0714402855096847e+00
1.6321145029718089e+00
4.5784197481953497e-02
-5.6211152619430005e-01
3.3724131572828092e-01
-9.0381019448313771e-01
-5.3556282130849109e-01
9.6470569898176040e-02
2.4860600680155603e-01
-7.7008488243352835e-01
-6.6275476111674314e-01
5.8762293239093166e-01
-1.4228043419513803e-01
-4.0039743150694340e-01
-4.1260233114147588e-01
-6.2558451911427937e-01
-1.0575280640087303e+00
-2.3054827837697534e-01
-1.4491470402067703e+00
-8.6115160443308456e-02
-5.7627110904624967e-01
-1.0345597662434936e+00
-2.7290567455417059e-01
1.1868384061999433e+00
-3.5203052464801388e-01
1.6096506865243578e+00
6.9541838849504711e-01
1.5615196065143242e+00
9.8380635842390207e-01
6.1972173320546564e-01
1.3143540498552844e-01
3.6190477035264212e-01
-4.0525745438847066e-01
1.4455663956041385e+00
-5.6650501780967788e-01
5.6870996499442494e-01
-8.8986176173693465e-01
-6.9223417356902717e-01
-9.9847508201563029e-01
3.6868943880697935e-01
6.8978899878941924e-01
-4.9786507436065930e-01
1.5881517991546137e-01
-1.4418286949158542e-02
-1.7147117745920704e+00
-7.4357315955686243e-01
-1.1376145398536139e+00
-3.0999246843484629e-01
-8.5907066387206343e-01
-7.7111048928937262e-02
-4.7274647008871201e-01
7.9010528769244504e-01
-1.8530030361936547e+00
1.3509874142756910e+00
-1.1931863890469763e+00
-8.0764769915380452e-01
-2.2192527213396316e+00
-5.4710613558274501e-01
-1.6344823750880220e+00
-2.7057366905444419e-01
-4.2522913390319639e-01
2.6174213863585005e+00
9.2913145933248220e-01
-1.6750496444230216e+00
-2.7040818717372274e-02
3.2631851652737193e-01
-1.5082396040406634e+00
2.9420704774993295e-01
8.6195126987190507e-01
1.0774472047485930e+00
1.0041005399743870e+00
1.6682143239519637e-01
3.0713259230405948e-01
5.0059721703162285e-01
-1.3533800226347970e+00
-1.9288687220134490e-01
-7.3707628959145843e-01
-1.2982714786107632e+00
1.3770639792871007e+00
6.0515833035699171e-02
1.6295854702814835e-01
-2.2999426507792048e-01
-1.5280086246928803e+00
4.3676490626939968e-01
5.3453858927927922e-01
2.2328575542697968e+00
7.9090825902576156e-02
-1.1660615511297083e+00
1.3322163851390765e+00
9.8147928747949764e-01
-3.5877870741694247e-02
-8.0858947977004181e-01
8.6013217909002981e-01
2.2559827853697776e+00
4.5251459491008811e-01
3.2541942312402572e-01
6.3233967362597876e-01
-2.1403538235138284e+00
1.5433935028542173e-01
7.6711598928181879e-01
1.5137805348191984e+00
6.9913415601536055e-01
-2.0393830668590665e-01
1.4725326809651496e+00
8.5327487931038160e-01
5.0269595611930606e-01
3.1727911336610609e-01
3.3463343068892970e-01
-5.4900162999837365e-01
-5.7126459362271642e-01
2.3917350217633979e-01
-1.1813424347370420e+00
2.1847181747157066e-01
6.5702002821647265e-01
8.4559481281119420e-01
1.3525864470567703e+00
-7.4547176097640755e-01
5.8943296153990288e-01
2.9931704719956798e-01
-6.9738084006403489e-01
-2.9143968626820040e+00
-2.9982780308725909e-01
-1.9491550176897413e-02
-1.6004386741715231e+00
-1.1546177540204254e+00
-2.0334875072330578e+00
5.2614165065902474e-01
-1.3242043820754377e+00
2.3449469877292070e-01
1.6025311796457673e+00
5.0707788232407118e-02
-3.4483775502326319e-01
9.8597555330221487e-01
1.1824390761897752e+00
4.0851082028159891e-01
-4.8799725114141485e-01
3.8389143861702785e-01
7.6731175840550325e-01
-3.8705822870264923e-02
4.2970734585131115e-01
-1.5556021327742997e-01
-6.2777028435892876e-02
-5.7974671065049899e-01
7.5234263884667185e-01
1.5043394697675621e+00
-4.9133261699929143e-01
5.6172150744614646e-01
-6.4832758332252283e-01
3.2363196464357826e+00
2.0276175391933840e-01
-2.6066159766653039e+00
1.3845353926220474e-01
1.3414352320314908e+00
-1.9561918604934683e-01
6.3488384987284652e-01
3.4866449162859459e-01
4.8682941447043815e-01
8.2076997576111410e-01
5.9931579990627704e-01
-1.2314232788947681e+00
4.8204822440147727e-01
-1.7049023692664667e+00
8.9923766244147763e-01
-1.6204001286756089e+00
1.4796777080833086e+00
6.3854707363291363e-01
3.7443338405524162e-01
-1.6471146050865482e-01
-1.3035299834248961e+00
-9.0283218152715972e-01
4.4550239509623618e-01
-9.0771722182648706e-01
-1.3906347973294181e-01
-7.2076727222932846e-01
-1.5752270397252402e-01
-1.4692334997363372e+00
-2.6854461250925599e-01
-4.2481354147591532e-01
1.6685703753266479e+00
-1.3614096140047438e-01
2.7450433049113188e-01
-1.3452523382777867e-01
-5.5633623151198530e-01
-1.4594230930982421e-01
3.9168448605384404e-01
-5.7338556110815642e-01
2.2449426973468065e+00
-1.2630646978414835e+00
2.8731813364452696e-02
5.6825372278892039e-01
5.1046714791980996e-01
-1.5977943076262815e+00
2.6561073165374505e-01
9.3169114374961073e-02
8.2962537571479511e-01
5.7797763897893895e-01
-2.4121826396137008e-02
-4.3986466966196686e-01
-7.4172114408453360e-01
-1.1306281235355480e+00
4.5235595657176741e-01
-1.1999763059745105e+00
4.5076649917117384e-01
-4.0273413389556911e-01
-1.9886009388437047e+00
5.7464714961487651e-01
4.2778936801187543e-02
1.4056752645180381e+00
5.2165717632004349e-01
1.5485362394500652e+00
-9.5506580505307548e-01
3.8070338650712360e-01
-1.4515426008095853e+00
3.5518305922260329e-01
-1.5442425139329760e-01
-1.1474851124181187e+00
-8.2930371851413143e-01
-7.7391037398449636e-01
1.4509146944036397e+00
9.8011139758092081e-01
-4.2646286303934311e-01
-2.6857694158021644e-01
5.0512581285721181e-01
1.2966077397712912e+00
9.9889784285730510e-01
7.9219288044334635e-01
9.1659523203602855e-01
8.7877834386440268e-01
9.9201928644961815e-02
7.9862559224198715e-01
-4.0486990618169061e-01
-1.0377912110368377e+00
4.1798628048095288e-01
-3.1765336418104045e-01
-6.8277540545085613e-01
3.3825350412294392e-01
1.0197679385457235e+00
1.5837306133855977e+00
9.9952867106299426e-01
2.2765990329571031e-01
-6.7090706671931344e-01
4.1664580453498377e-02
-1.2517383184524618e+00
4.2595742885951648e-01
5.0058904059214193e-01
-1.3585763885108273e+00
1.1105064083926375e+00
-1.7795677489791406e+00
1.3651960066157502e+00
1.0340271898968434e-01
4.9182776118120741e-01
-4.2908575532857640e-01
3.4910837943586182e-01
-1.1504326610249827e+00
-5.8729876474259235e-01
-1.0458125115975003e+00
1.3896308519880913e+00
8.4960492984855196e-01
4.0633098958271013e-01
3.6076966688795059e-01
7.5156345670749769e-01
4.8256364316619071e-01
-6.3737180834915508e-01
6.8140466274437289e-02
1.4062865101950253e+00
1.1911185937873097e+00
-5.3894571769778576e-01
-3.2490967875819766e-02
3.1892743872860563e-01
-1.3546165192753554e+00
-4.1522684011097388e-01
1.0489007702636606e+00
1.7524872122652535e-01
-6.7459886736877639e-01
6.3546044318835138e-01
4.5106142734635019e-01
1.7429255739679683e-01
-4.0968020627673585e-01
3.2710533038989636e-01
6.0021422280132364e-01
-6.5383008491141292e-01
1.1751090348830480e+00
-8.0061826684617199e-02
-1.5677918307983134e+00
1.3867896958592147e+00
1.4664877689389944e-01
-1.0470600179261209e+00
-9.3683241581546256e-02
5.0788771556455037e-01
-7.3088795806303075e-01
